# Position (bp)	A	C	G	T	N
0.0	23.196476395464284	30.77007679006078	23.065737804577495	22.967709009897437	0.0
1.0	28.12851860079099	31.28184899223787	21.171106557717255	19.418525849253886	0.0
2.0	30.441518509533438	23.956424214127992	14.960655892891806	30.641401383446766	0.0
3.0	30.72739459321439	20.439328951664976	20.740906237698553	28.092370217422086	0.0
4.0	33.660049425807564	17.27754316618207	22.50728525984365	26.55512214816672	0.0
5.0	33.1706723456039	17.63658858127979	21.948621843626405	27.244117229489913	0.0
6.0	31.8866256191393	18.10763943452781	18.312931072749254	31.692803873583635	0.0
7.0	30.009295887483844	18.699116097966296	17.199365562959336	34.09222245159052	0.0
8.0	28.64774523472193	19.646832329795107	18.548631458713473	33.156790976769486	0.0
9.0	28.632454206208656	20.193880081686746	19.83953604924972	31.334129662854878	0.0
10.0	28.92651589761197	20.355048603465168	20.41084158665047	30.30759391227239	0.0
11.0	29.240317912480705	20.262171855854177	20.746999837622052	29.75051039404307	0.0
12.0	29.559079526918314	20.251281331395226	20.51787046517636	29.671768676510098	0.0
13.0	29.870443275316177	20.196008875752035	20.388840935942703	29.54470691298908	0.0
14.0	30.115349090656135	20.113935285736737	20.08116657262771	29.689549050979423	0.0
15.0	29.784750087684152	20.189761548997133	19.91887827378993	30.10661008952878	0.0
16.0	29.91179262739545	20.184234661861012	19.891084329595003	30.012888381148528	0.0
17.0	29.981946589957904	20.19771893941685	20.045188212911853	29.77514625771339	0.0
18.0	29.699126553503525	20.267370882468953	20.18910979337754	29.844392770649986	0.0
19.0	29.85379193804451	20.13095260294461	20.434679307424666	29.580576151586214	0.0
20.0	29.599853692810186	20.29385503374515	20.35797692383348	29.74831434961119	0.0
21.0	29.400140258876434	20.376192622190302	20.1571766996749	30.06649041925836	0.0
22.0	29.5062940192241	20.43095933699453	19.870841338288816	30.19190530549255	0.0
23.0	29.70376987603109	20.206873394465358	19.86905373078196	30.220302998721593	0.0
24.0	29.739296984058562	20.121758270339	19.918265907925125	30.220678837677312	0.0
25.0	29.841894251391704	20.04558810452552	19.997643710392104	30.11487393369067	0.0
26.0	29.91045960283329	20.17885291942263	19.91487106853595	29.995816409208135	0.0
27.0	29.828698297668478	20.15158326682974	20.148807604224526	29.870910831277257	0.0
28.0	29.552181201944105	20.43873155944233	20.155142342409395	29.853944896204165	0.0
29.0	29.66585563119553	20.520239881743105	20.078845413944837	29.73505907311652	0.0
30.0	29.822651553380357	20.486158046824375	20.000394460428645	29.69079593936662	0.0
31.0	29.589530093142578	20.57337082250774	19.75054564832833	30.08655343602135	0.0
32.0	29.837865044088208	20.334849157587485	19.743212852821852	30.08407294550246	0.0
33.0	29.833558000836913	20.247272617708436	19.87349811870682	30.04567126274783	0.0
34.0	29.720567370886076	20.27105198976889	19.898906735181733	30.109473904163302	0.0
35.0	29.99467286163459	20.03334067650652	19.98710271764164	29.98488374421725	0.0
36.0	30.015845997155665	20.118152957764618	19.857988340088546	30.008012704991167	0.0
37.0	29.753406078342685	20.19731101438542	20.019046874659647	30.030236032612244	0.0
38.0	29.69120132112141	20.20816438173644	20.082627740218744	30.0180065569234	0.0
39.0	29.695390506885083	20.25087258428096	20.244291574289676	29.809445334544282	0.0
40.0	29.542671343949166	20.464477143013127	20.33628467916742	29.656566833870286	0.0
41.0	29.662290528370193	20.634464282169677	19.851420894945147	29.851824294514984	0.0
42.0	29.692178980099683	20.370700270131884	19.74051525291992	30.196605496848516	0.0
43.0	29.84486943406759	20.170446452491785	19.934722635215913	30.049961478224713	0.0
44.0	29.993565501229213	20.065426738806877	19.878200587058	30.06280717290591	0.0
45.0	30.022952716124745	19.93110185037773	19.972575144344503	30.073370289153022	0.0
46.0	30.11628734822129	19.9110626169413	19.907894852622967	30.06475518221444	0.0
47.0	29.869841712177465	20.013434476372964	19.994029832600155	30.12269397884942	0.0
48.0	29.68892760529569	20.197823705701847	20.114854644987755	29.99839404401471	0.0
49.0	29.739061090787306	20.241706242243957	20.28351430166706	29.73571836530168	0.0
50.0	29.61289564230729	20.520185224129673	20.139869645840015	29.727049487723022	0.0
51.0	29.780180681517443	20.362354472543174	19.788280087534353	30.069184758405033	0.0
52.0	29.774310746606297	20.21121871365376	19.866835857389873	30.147634682350066	0.0
53.0	29.733745809275657	20.130665701828114	20.028932365957978	30.10665612293825	0.0
54.0	29.826307339145202	20.104541409138005	19.94993228756753	30.11921896414926	0.0
55.0	29.999108004365983	19.96768993592338	20.025765565643525	30.007436494067107	0.0
56.0	30.02938705962368	19.935967059639665	19.91873602875888	30.115909851977772	0.0
57.0	29.931420125095777	19.998814061080008	20.081414227367187	29.988351586457025	0.0
58.0	29.82765851082736	20.123357229341586	20.098297745029974	29.950686514801077	0.0
59.0	29.741700506953084	20.20338210564114	20.23887505411436	29.81604233329141	0.0
60.0	29.628083180969966	20.360938986581477	20.141574090142225	29.86940374230633	0.0
61.0	29.594819259686528	20.322757692857707	20.122520098457073	29.95990294899869	0.0
62.0	29.73675831015205	20.27192518422668	19.977037869142375	30.014278636478885	0.0
63.0	29.616726464290927	20.239586698247734	19.94829893891568	30.195387898545654	0.0
64.0	29.801343546141347	20.090730579572806	20.032917711153555	30.075008163132296	0.0
65.0	29.966343358444032	19.999520788207555	19.984617301462553	30.049518551885857	0.0
66.0	29.890755114639646	20.035251621023512	19.977750109612256	30.09624315472459	0.0
67.0	29.85805175939953	19.997316758996245	20.14194025476415	30.002691226840078	0.0
68.0	29.832112745517662	20.0503428591141	20.216773585219048	29.90077081014919	0.0
69.0	29.784277624762233	20.062565764878375	20.21456457801645	29.938592032342946	0.0
70.0	29.73015527281809	20.131572139678468	20.089750231066443	30.048522356436997	0.0
71.0	29.711498941501723	20.120361265829175	19.98653604243318	30.181603750235926	0.0
72.0	29.695535012747047	20.183221542198737	20.102413867816782	30.018829577237433	0.0
73.0	29.74739273287704	20.15394614934255	20.037922143693184	30.060738974087226	0.0
74.0	29.85246429269327	20.000019157993417	20.006213575865015	30.141302973448298	0.0
75.0	29.978997553013777	19.96029075202681	19.91950232693575	30.141209368023663	0.0
76.0	29.998576079346222	19.928583674653925	20.013013230010756	30.0598270159891	0.0
77.0	29.929894969354688	19.979893828046897	20.126316434688544	29.96389476790987	0.0
78.0	29.853967645908654	20.05280085553986	20.212400539500884	29.88083095905061	0.0
79.0	29.76023895183727	20.146175089934935	20.262864258623164	29.830721699604634	0.0
80.0	29.737834768792975	20.088226304940946	20.2355999843593	29.93833894190678	0.0
81.0	29.713998815516636	20.159581284652162	20.181157968938194	29.945261930893007	0.0
82.0	29.670580267434705	20.26459732871693	20.163980574343732	29.900841829504632	0.0
83.0	29.603445158648583	20.275110350045136	20.104859870083676	30.016584621222602	0.0
84.0	29.72669967792956	20.17778339454331	20.117275511285232	29.978241416241897	0.0
85.0	29.85603911630892	20.04155565320592	20.111219292392303	29.991185938092862	0.0
86.0	29.934727494068675	20.012556700603266	20.145686446262268	29.907029359065795	0.0
87.0	29.955842835146214	19.999093786550677	20.135520392275552	29.90954298602756	0.0
88.0	29.78211763136781	20.101347982732268	20.26027953894214	29.856254846957782	0.0
89.0	29.76854425012268	20.209424651729975	20.222649691819875	29.799381406327473	0.0
90.0	29.638481913088643	20.30646708138105	20.193031062741237	29.86201994278907	0.0
91.0	29.66016368113794	20.3324188892104	20.130250064683178	29.877167364968482	0.0
92.0	29.65787546161483	20.295309074575517	20.130553733624957	29.916261730184697	0.0
93.0	29.579086301703068	20.315635429833762	20.130854164755984	29.974424103707186	0.0
94.0	29.633249540778415	20.24026415947178	20.139559979833646	29.986926319916158	0.0
95.0	29.68137996434844	20.216317580504274	20.119445632173992	29.982856822973293	0.0
96.0	29.902784759416278	20.168518324781004	20.06008851725308	29.868608398549632	0.0
97.0	30.00069370632939	20.076722325303617	20.09517331893826	29.827410649428725	0.0
98.0	29.89717452806344	20.16300008435768	20.143290048329455	29.796535339249424	0.0
99.0	29.8478607556525	20.2815490523847	20.156596152898594	29.713994039064207	0.0
100.0	29.759156656840613	20.34264642734079	20.18159839691834	29.716598518900263	0.0
101.0	29.79196759011599	20.27258462542734	20.143065631513917	29.792382152942746	0.0
102.0	29.669629708995572	20.247238012146816	20.05082325509907	30.032309023758547	0.0
103.0	29.550403921085323	20.26979304196127	19.993332420301137	30.186470616652272	0.0
104.0	29.559056365923738	20.255121294294725	20.00615714363379	30.179665196147752	0.0
105.0	29.699863757046895	20.208021594810972	20.089968813659624	30.00214583448251	0.0
106.0	29.859819944997984	20.140347442737852	20.103777207880107	29.896055404384057	0.0
107.0	30.06266282826489	19.979365853899598	20.062036343452046	29.895934974383465	0.0
108.0	29.967653563479963	20.034896914463665	20.166852267072024	29.830597254984355	0.0
109.0	29.814387832117784	20.13030868413733	20.345832074745378	29.709471408999512	0.0
110.0	29.70039017863675	20.250843469014676	20.281064421475175	29.767701930873397	0.0
111.0	29.6348982826759	20.33971920647178	20.182578751531118	29.8428037593212	0.0
112.0	29.694937913506852	20.300017643596483	20.078333105682592	29.926711337214073	0.0
113.0	29.636757296052007	20.29019253465042	20.021898316268107	30.051151853029467	0.0
114.0	29.70755687642478	20.165025779899327	20.017256722918354	30.110160620757537	0.0
115.0	29.83295773512127	20.087941137988476	20.075797477529047	30.003303649361207	0.0
116.0	29.97671276253121	20.029095899658188	20.029701466635412	29.964489871175186	0.0
117.0	29.98186546662162	20.000414321500738	20.094290012302164	29.923430199575478	0.0
118.0	29.854741663186207	20.11749166481954	20.19321460617776	29.834552065816496	0.0
119.0	29.740895440195075	20.185081286970803	20.23925825987706	29.83476501295706	0.0
120.0	29.73332776710563	20.229020526633125	20.272743032761287	29.764908673499956	0.0
121.0	29.79218662764463	20.246388209770636	20.210171520202316	29.75125364238242	0.0
122.0	29.664180442128718	20.383100471183976	20.124923581775743	29.82779550491156	0.0
123.0	29.58192855871678	20.401669016432855	19.99332113016292	30.023081294687447	0.0
124.0	29.622305075305423	20.323016563146336	20.010209176596767	30.044469184951474	0.0
125.0	29.72788254046394	20.2285528570302	20.004859098103598	30.038705504402262	0.0
126.0	29.799176467233373	20.16098827755415	19.937318218292738	30.10251703691974	0.0
127.0	29.82582913247194	20.103312196803586	19.96737761108148	30.103481059642995	0.0
128.0	29.793347781863826	20.098367889534853	20.030028092594847	30.078256236006474	0.0
129.0	29.819195109763193	20.097469578987425	20.08294185197616	30.000393459273223	0.0
130.0	29.71884076531739	20.174355425872424	20.1426089693536	29.964194839456592	0.0
131.0	29.73900616450259	20.233190576487157	20.051334484754083	29.97646877425617	0.0
132.0	29.587056851259714	20.38584153960713	20.028941301084302	29.99816030804885	0.0
133.0	29.530004439014206	20.416088694912304	20.057574985812515	29.99633188026098	0.0
134.0	29.65295172681589	20.30674456752077	20.09390978436363	29.94639392129971	0.0
135.0	29.769865460738913	20.237269703804667	20.084564441206723	29.908300394249693	0.0
136.0	29.87833147129016	20.124431731763856	20.051473615392396	29.945763181553588	0.0
137.0	29.921388628369243	20.045047735215	20.0613239090783	29.972239727337456	0.0
138.0	29.80511515777719	20.113840750988405	20.11164305309288	29.969401038141523	0.0
139.0	29.731660528640003	20.153663530821408	20.212840838839934	29.901835101698655	0.0
140.0	29.719523804518943	20.208290137948147	20.22442172327372	29.847764334259185	0.0
141.0	29.74525320613112	20.222683492137048	20.153922957308115	29.878140344423716	0.0
142.0	29.661675357070916	20.262837952424515	20.16532070895864	29.910165981545926	0.0
143.0	29.666853819689155	20.264659638927363	20.151316881064627	29.917169660318855	0.0
144.0	29.705639527246237	20.193145946204158	20.205836574326558	29.89537795222305	0.0
145.0	29.860031029910232	20.0902746198008	20.169664568708452	29.880029781580514	0.0
146.0	29.992085122115377	19.980457209584408	20.111687190524055	29.915770477776167	0.0
147.0	29.98403051874543	19.92633021957639	20.141655508197296	29.947983753480884	0.0
148.0	29.893233334814013	20.026101383991097	20.191619249046276	29.889046032148613	0.0
149.0	29.896711569972673	20.034876323265593	20.213875000557234	29.854537106204504	0.0
150.0	29.763393146414074	20.144768999577945	20.236503369829137	29.855334484178847	0.0
151.0	29.78342436521264	20.173368128589615	20.241029109186673	29.80217839701107	0.0
152.0	29.777472116355113	20.17382901427375	20.167174510384527	29.881524358986606	0.0
153.0	29.714334746238947	20.165361854222912	20.190832998759237	29.929470400778907	0.0
154.0	29.722019740592508	20.13231287898313	20.256561160958118	29.889106219466242	0.0
155.0	29.85525578291567	20.115445798403	20.186809455533343	29.842488963147986	0.0
156.0	29.889377192351308	20.08736613484604	20.12186114508789	29.901395527714758	0.0
157.0	29.945563794686457	20.08444154101037	20.092830300645502	29.877164363657666	0.0
158.0	29.83492206598597	20.14357329706674	20.16802268444723	29.85348195250006	0.0
159.0	29.776282970605607	20.186152305853252	20.223971705486203	29.813593018054945	0.0
160.0	29.80662832170548	20.186591063340494	20.258981290596147	29.747799324357878	0.0
161.0	29.841617529603997	20.155151409426995	20.26827037645521	29.734960684513794	0.0
162.0	29.78962011294112	20.21997733537909	20.237294124388022	29.753108427291767	0.0
163.0	29.776084198249393	20.22603259931919	20.226494156683763	29.771389045747654	0.0
164.0	29.76136875281405	20.263594605877348	20.223567288625922	29.75146935268268	0.0
165.0	29.81379695818604	20.26937515556973	20.157969721912938	29.758858164331293	0.0
166.0	29.82550344115267	20.221007224471055	20.18394192413311	29.76954741024317	0.0
167.0	29.85885502123779	20.239862117477056	20.10342780662708	29.797855054658072	0.0
168.0	29.780958473775172	20.255898557228658	20.1559103336548	29.807232635341375	0.0
169.0	29.778757428540874	20.214781586894194	20.197642472666537	29.808818511898394	0.0
170.0	29.86660555904325	20.16481553534018	20.210932694885976	29.75764621073059	0.0
171.0	29.83276613770489	20.19194689355765	20.217376013942413	29.75791095479504	0.0
172.0	29.864956363234207	20.204685830403395	20.176170164689108	29.75418764167329	0.0
173.0	29.854400911466207	20.168417568638432	20.190758674682307	29.78642284521305	0.0
174.0	29.80522623677664	20.172735492054926	20.31548302321163	29.706555247956807	0.0
175.0	29.813437680598586	20.206722531829904	20.30636203477167	29.673477752799837	0.0
176.0	29.859473337676096	20.2073228905487	20.19537339855327	29.737830373221936	0.0
177.0	29.833691014439623	20.200851942933955	20.18979374147166	29.775663301154765	0.0
178.0	29.76048946487134	20.233432637483	20.197808520130568	29.80826937751509	0.0
179.0	29.819676640824515	20.18992526740161	20.192184539925403	29.798213551848473	0.0
180.0	29.789534912951105	20.218706515724424	20.176815238306162	29.814943333018313	0.0
181.0	29.848064637043475	20.175275032630992	20.124665973848117	29.85199435647742	0.0
182.0	29.81264460767975	20.15804208420564	20.0990813678568	29.930231940257805	0.0
183.0	29.77563823132429	20.188836416651764	20.174804459426007	29.860720892597936	0.0
184.0	29.790491657020528	20.18644034360819	20.228646827975087	29.79442117139619	0.0
185.0	29.87606544045099	20.190591702251613	20.197527863162907	29.73581499413449	0.0
186.0	29.858799210246623	20.213018967666788	20.210203192389198	29.717978629697395	0.0
187.0	29.840921025566953	20.21898076127368	20.182312690986162	29.757785522173208	0.0
188.0	29.748049067293813	20.285691378480944	20.213581316860488	29.752678237364748	0.0
189.0	29.790146827227463	20.229546792230725	20.19097084135342	29.789335539188393	0.0
190.0	29.851602177585214	20.178184284106056	20.149105698273402	29.821107840035328	0.0
191.0	29.79264004011099	20.15291043299384	20.144591092483708	29.90985843441146	0.0
192.0	29.765810052382434	20.18401218200666	20.13027926324501	29.91989850236589	0.0
193.0	29.754892081604762	20.15996841606804	20.167301309215695	29.9178381931115	0.0
194.0	29.789319779591573	20.1530999348802	20.211809557500278	29.845770728027954	0.0
195.0	29.79838033677823	20.200697122595788	20.178699300427898	29.82222324019809	0.0
196.0	29.8371848004367	20.18630764317189	20.146400709513152	29.83010684687826	0.0
197.0	29.89005993723164	20.158419173806518	20.135261173258108	29.81625971570373	0.0
198.0	29.766143054273442	20.279758651819495	20.168201282957458	29.785897010949608	0.0
199.0	29.82106097401347	20.228092506197665	20.170724247624115	29.78012227216475	0.0
200.0	29.85230394866065	20.237182061446582	20.154781453899158	29.755732535993605	0.0
201.0	29.852748994504985	20.230691704548835	20.089161392744785	29.82739790820139	0.0
202.0	29.890309928405884	20.20512079966831	20.054273294329803	29.850295977596	0.0
203.0	29.804966704580444	20.226792443708224	20.092154011353777	29.87608684035756	0.0
204.0	29.732711776454536	20.21204879517296	20.132883148292777	29.922356280079725	0.0
205.0	29.7533687055634	20.20925954315499	20.19841378384688	29.83895796743473	0.0
206.0	29.76000363852524	20.200255650925484	20.130140887895575	29.9095998226537	0.0
207.0	29.748182916601333	20.264364047049366	20.12959152874813	29.857861507601168	0.0
208.0	29.745139256734483	20.24208343716054	20.134378777236453	29.878398528868523	0.0
209.0	29.741733058273496	20.238429366544484	20.17531486883109	29.844522706350933	0.0
210.0	29.805639626382586	20.222418730547385	20.14451683731989	29.82742480575014	0.0
211.0	29.836477079345414	20.213675716537796	20.079993232393807	29.869853971722982	0.0
212.0	29.887998992506127	20.14458236707632	20.04109799022782	29.92632065018973	0.0
213.0	29.792516169574295	20.207992657623535	20.080102121618605	29.919389051183565	0.0
214.0	29.779814891608808	20.1913732264474	20.095508526536186	29.933303355407602	0.0
215.0	29.758523099936983	20.20624969292465	20.056404872309923	29.978822334828443	0.0
216.0	29.787250280954797	20.184352137641458	20.078473361287834	29.94992422011592	0.0
217.0	29.76481897704189	20.271957373141465	20.057086816990196	29.906136832826448	0.0
218.0	29.699536286588085	20.28134437935303	20.08067484491875	29.93844448914014	0.0
219.0	29.698564265423204	20.27352428232748	20.12518258509813	29.902728867151186	0.0
220.0	29.76543132932846	20.250722136225864	20.084147472237028	29.89969906220865	0.0
221.0	29.794356386923837	20.198942249829685	20.0296036497389	29.97709771350758	0.0
222.0	29.776719990588024	20.22714337044068	20.028156429554873	29.967980209416428	0.0
223.0	29.722174129607133	20.215114690155577	20.086353668798797	29.97635751143849	0.0
224.0	29.771038604425783	20.14594146697581	20.122316876034173	29.960703052564234	0.0
225.0	29.815690643008864	20.19733770250572	20.06985228129589	29.91711937318953	0.0
226.0	29.822751855618428	20.19064195041796	20.023382326312543	29.963223867651074	0.0
227.0	29.807959966316407	20.210139320792656	20.05094190216274	29.930958810728196	0.0
228.0	29.73485251938434	20.252874783836795	20.082805729250953	29.929466967527908	0.0
229.0	29.797684176456357	20.196354417211325	20.129602563372927	29.876358842959387	0.0
230.0	29.785202294863584	20.201968978963748	20.12734934989993	29.885479376272738	0.0
231.0	29.825186947703287	20.187887985733777	20.09692778010839	29.889997286454545	0.0
232.0	29.80731522725224	20.178656218718906	20.06777897866086	29.94624957536799	0.0
233.0	29.772632220818235	20.15013620638705	20.10913996758134	29.968091605213377	0.0
234.0	29.727690748174467	20.139156581595095	20.149790991716763	29.983361678513674	0.0
235.0	29.77299851278944	20.167948609531244	20.11587398576881	29.943178891910506	0.0
236.0	29.800627939492475	20.12777831116322	20.083524981195513	29.988068768148796	0.0
237.0	29.799307467864207	20.148078655678898	20.097562976107895	29.955050900349	0.0
238.0	29.70905610730395	20.199045875572804	20.129313695149094	29.962584321974155	0.0
239.0	29.825581746515912	20.176103116137583	20.111903491067206	29.8864116462793	0.0
240.0	29.807715844027534	20.19326962538493	20.095994257574365	29.903020273013176	0.0
241.0	29.813942798433317	20.16973360591248	20.09938478958774	29.91693880606647	0.0
242.0	29.816825666976392	20.182141209822234	20.053223328494077	29.947809794707293	0.0
243.0	29.732789120836156	20.204842601157726	20.111687535562954	29.95068074244317	0.0
244.0	29.71720454512222	20.16475209782452	20.142103412783328	29.975939944269932	0.0
245.0	29.808177367116272	20.170684189429696	20.119586373110373	29.901552070343655	0.0
246.0	29.80236788540519	20.18304997359321	20.074117009642332	29.94046513135926	0.0
247.0	29.759390618980476	20.19941436968454	20.067231148514374	29.973963862820614	0.0
248.0	29.72280469884608	20.214831364673596	20.089801525659645	29.972562410820686	0.0
249.0	29.72270770222478	20.23194227618489	20.118722176724752	29.92662784486558	0.0
250.0	29.776153915836417	20.173133066445022	20.09432208090244	29.956390936816124	0.0
251.0	29.85771634172234	20.131063702648927	20.072659542683507	29.93856041294522	0.0
252.0	29.82626436765169	20.15750979668599	20.077842691715162	29.93838314394716	0.0
253.0	29.768091063141227	20.212179140511907	20.084376464538096	29.935353331808773	0.0
254.0	29.817564583574026	20.150357969056586	20.114363211418905	29.91771423595048	0.0
255.0	29.823220938309525	20.182015323574763	20.090813785019588	29.903949953096127	0.0
256.0	29.840984957581263	20.152515486899343	20.0638577356947	29.942641819824694	0.0
257.0	29.823349496195746	20.204960541544086	20.06236948421066	29.909320478049512	0.0
258.0	29.752218326662078	20.235172262665387	20.065362354099904	29.947247056572635	0.0
259.0	29.77310691484899	20.19226735449883	20.13930381146822	29.89532191918396	0.0
260.0	29.809138489363825	20.21006509195711	20.088741679970926	29.892054738708147	0.0
261.0	29.82584962583316	20.156766481566876	20.072993280664694	29.94439061193527	0.0
262.0	29.786645098653004	20.20539401614741	20.063528181692504	29.94443270350708	0.0
263.0	29.779758068514205	20.207704892400745	20.055909791792992	29.95662724729206	0.0
264.0	29.776545811048294	20.20673842369698	20.09330320682105	29.923412558433675	0.0
265.0	29.862012936714205	20.147274333243136	20.103229316439453	29.887483413603206	0.0
266.0	29.846756213264452	20.145029134210578	20.08628721857268	29.921927433952288	0.0
267.0	29.808191126605234	20.199252809907282	20.06343473240677	29.929121331080715	0.0
268.0	29.759113463057968	20.207099280195585	20.125034299666353	29.908752957080093	0.0
269.0	29.78641054362592	20.19840002542164	20.110695361344806	29.904494069607633	0.0
270.0	29.78809911068326	20.209827464003826	20.09282590075236	29.909247524560556	0.0
271.0	29.76280584683826	20.217063870352717	20.071131236097873	29.948999046711155	0.0
272.0	29.764210028604676	20.184551314601222	20.056256073171024	29.994982583623077	0.0
273.0	29.717755510550823	20.23805268159195	20.069817177942767	29.974374629914465	0.0
274.0	29.764202413264755	20.229156564793175	20.085008258380874	29.921632763561192	0.0
275.0	29.770647572949883	20.207642263531994	20.085753954339864	29.93595620917826	0.0
276.0	29.80050225940473	20.148698270530254	20.104515838551897	29.946283631513115	0.0
277.0	29.823000568598225	20.16526683048354	20.107183703933654	29.904548896984583	0.0
278.0	29.79608540665197	20.170059629854517	20.138714795047992	29.895140168445522	0.0
279.0	29.74678004062869	20.16159332325798	20.232575171572563	29.85905146454077	0.0
280.0	29.76847780931252	20.164568454614994	20.163345192620078	29.90360854345241	0.0
281.0	29.806717130188005	20.168007686451737	20.137458234785008	29.887816948575246	0.0
282.0	29.74457990263976	20.193519474191817	20.086509953426393	29.975390669742026	0.0
283.0	29.73145358521259	20.196193216162825	20.139638734418725	29.932714464205855	0.0
284.0	29.73147718051675	20.189267983333767	20.14663018413048	29.932624652019	0.0
285.0	29.78641102434479	20.177695072916492	20.12404881952031	29.911845083218413	0.0
286.0	29.79569227328168	20.157191072172356	20.100956090010285	29.946160564535678	0.0
287.0	29.834640309512295	20.19694792666954	20.051564201481636	29.916847562336528	0.0
288.0	29.770199919810953	20.20204844257238	20.12200236246339	29.905749275153276	0.0
289.0	29.752596234417627	20.208079997776075	20.18375978427923	29.855563983527066	0.0
290.0	29.80542884142896	20.208875642172828	20.153007936645352	29.832687579752857	0.0
291.0	29.808805315575356	20.166041042293223	20.11930784674498	29.905845795386437	0.0
292.0	29.768823313940207	20.22312313294971	20.074505691336377	29.933547861773707	0.0
293.0	29.675642635688714	20.24590327988586	20.17300880865114	29.90544527577429	0.0
294.0	29.74075139509199	20.224310745690985	20.128972245567958	29.905965613649066	0.0
295.0	29.7244170782816	20.185630180661573	20.17789453084793	29.912058210208897	0.0
296.0	29.729829756912224	20.174420617874176	20.120255683902975	29.975493941310628	0.0
297.0	29.746684846455544	20.22507336828241	20.10540317133964	29.922838613922405	0.0
298.0	29.69670843121113	20.22313356865831	20.124272299895278	29.955885700235285	0.0
299.0	29.74300896875588	20.18866710770528	20.202644802164002	29.865679121374832	0.0
300.0	29.757860873007125	20.218059589548716	20.1335906052954	29.890488932148756	0.0
301.0	29.795636031528584	20.20430837651637	20.068505172037245	29.9315504199178	0.0
302.0	29.772206159001115	20.20563676112095	20.110432792097022	29.911724287780917	0.0
303.0	29.703923596055283	20.27241062196534	20.15598768108691	29.86767810089247	0.0
304.0	29.721001838768128	20.242745347370253	20.163537118354753	29.87271569550686	0.0
305.0	29.78556972970363	20.205885333298603	20.14549899414338	29.863045942854384	0.0
306.0	29.77127000869254	20.22514846651179	20.129106424651944	29.874475100143723	0.0
307.0	29.78751891196672	20.24786707321373	20.090599557389304	29.87401445743025	0.0
308.0	29.723658418591885	20.23824006906872	20.137514853872204	29.900586658467194	0.0
309.0	29.691298545344992	20.248516336380415	20.16483369007118	29.89535142820342	0.0
310.0	29.734015705963124	20.219974328440323	20.160337662642924	29.885672302953626	0.0
311.0	29.76218080128985	20.230529490126973	20.132983977887566	29.87430573069561	0.0
312.0	29.741155462044745	20.246409251471988	20.088736806764544	29.92369847971873	0.0
313.0	29.675813483766696	20.241277389749758	20.159281446825798	29.92362767965775	0.0
314.0	29.69916256440056	20.222725376358465	20.18589669578922	29.89221536345175	0.0
315.0	29.765145079684363	20.232115425326054	20.15329737527794	29.849442119711643	0.0
316.0	29.77613695502237	20.190520929462885	20.147785214840265	29.88555690067448	0.0
317.0	29.795023787188473	20.17841542720304	20.132011471718442	29.894549313890046	0.0
318.0	29.70669110179619	20.211880523015527	20.166350508063832	29.915077867124456	0.0
319.0	29.7596937719777	20.215762821924766	20.18065090288132	29.843892503216214	0.0
320.0	29.764277746863936	20.223113218333854	20.15250897560009	29.860100059202114	0.0
321.0	29.772789133362952	20.197244910630943	20.145697749424897	29.884268206581204	0.0
322.0	29.752673497446953	20.202719248070007	20.13063938758638	29.91396786689665	0.0
323.0	29.663033971008307	20.255756002777083	20.15553768532687	29.925672340887736	0.0
324.0	29.688838369931524	20.20092401417368	20.195540759810623	29.914696856084174	0.0
325.0	29.73693821875129	20.229317589219644	20.150729350936423	29.883014841092642	0.0
326.0	29.78571096236258	20.202069765296283	20.137757805606064	29.874461466735074	0.0
327.0	29.811861849940453	20.17691147280667	20.122556570067488	29.88867010718539	0.0
328.0	29.688788941874144	20.23141029722786	20.21338744107042	29.866413319827572	0.0
329.0	29.76209720062233	20.18662941234569	20.21020977151029	29.84106361552169	0.0
330.0	29.77047236336342	20.20419288203754	20.19553889190499	29.82979586269405	0.0
331.0	29.783828218548198	20.208081555825814	20.17665749986146	29.831432725764532	0.0
332.0	29.758531489862182	20.191204582837983	20.170482919553738	29.879781007746093	0.0
333.0	29.750073557280913	20.20823736747979	20.181386776647702	29.86030229859159	0.0
334.0	29.73957903294442	20.180489307513007	20.21221426892859	29.867717390613986	0.0
335.0	29.769701142292877	20.1805921834528	20.162776854108174	29.88692982014615	0.0
336.0	29.793927461386705	20.181803025551663	20.110066250927872	29.914203262133764	0.0
337.0	29.722817288559504	20.220514683513272	20.120452505873214	29.93621552205401	0.0
338.0	29.69891707572976	20.244717004978618	20.146497405897495	29.909868513394127	0.0
339.0	29.72471971749384	20.23762666120902	20.18964469049009	29.848008930807048	0.0
340.0	29.73094928674688	20.277473681202174	20.152518435661943	29.839058596389002	0.0
341.0	29.75799423370133	20.258256128895304	20.187380097013154	29.79636954039021	0.0
342.0	29.78574936281143	20.24231344898546	20.156815151092243	29.815122037110864	0.0
343.0	29.788654519243213	20.237756719703484	20.18641079439323	29.787177966660078	0.0
344.0	29.85395289938138	20.170846593070493	20.210030426214683	29.76517008133344	0.0
345.0	29.850753614546015	20.16621847026424	20.191763918776587	29.791263996413157	0.0
346.0	29.84978965280408	20.144923486584553	20.170230561102613	29.83505629950875	0.0
347.0	29.801766622154744	20.185905411715172	20.158455246307682	29.853872719822398	0.0
348.0	29.798932770511684	20.201487948619558	20.163908998293152	29.835670282575606	0.0
349.0	29.74313772309068	20.206852624252555	20.216695793981824	29.83331385867494	0.0
350.0	29.814714972734645	20.205368102932034	20.199192358715166	29.780724565618154	0.0
351.0	29.788302786739656	20.165990834593075	20.201949482624116	29.84375689604315	0.0
352.0	29.752223822665076	20.2318449532311	20.180455444089024	29.835475780014796	0.0
353.0	29.757923403055536	20.22270843711968	20.216755109304685	29.8026130505201	0.0
354.0	29.787202291652974	20.227625378748552	20.229768564513225	29.755403765085248	0.0
355.0	29.81074708640177	20.205906128573613	20.232957680831053	29.750389104193566	0.0
356.0	29.8496745743145	20.157310512841924	20.201284811531238	29.791730101312343	0.0
357.0	29.810082262813964	20.204737076972144	20.153349607354965	29.831831052858927	0.0
358.0	29.783493307378926	20.212498279557366	20.19914748594714	29.80486092711657	0.0
359.0	29.79326812945971	20.217407627713406	20.193436782610945	29.795887460215937	0.0
360.0	29.798351007609973	20.21409469720902	20.21018953982959	29.777364755351414	0.0
361.0	29.817945086355596	20.213756254942915	20.167593260202768	29.800705398498717	0.0
362.0	29.765172792751404	20.23899421587454	20.134461828057955	29.861371163316104	0.0
363.0	29.727895616356204	20.276271360518745	20.179994351960488	29.815838671164567	0.0
364.0	29.72042153212804	20.25115598774587	20.238313884187082	29.790108595939007	0.0
365.0	29.786451492671173	20.227549294039697	20.210881690812467	29.775117522476656	0.0
366.0	29.819049854984954	20.237310052191447	20.166449433789687	29.77719065903391	0.0
367.0	29.79379356816257	20.244549192786067	20.15027568532427	29.811381553727088	0.0
368.0	29.754205363588625	20.257636259621716	20.18577697239219	29.802381404397465	0.0
369.0	29.791269238840197	20.237921765568455	20.210365711379538	29.760443284211807	0.0
370.0	29.820140042225685	20.21018556158399	20.199852157721075	29.769822238469246	0.0
371.0	29.816930100612733	20.228577850342173	20.153276239135316	29.80121580990978	0.0
372.0	29.807786018613786	20.24789597308725	20.13029395583726	29.814024052461708	0.0
373.0	29.757977203251563	20.26309386075701	20.181698443630104	29.797230492361322	0.0
374.0	29.730294279687687	20.256539394298212	20.22307994253482	29.790086383479284	0.0
375.0	29.791870495786494	20.244287017643217	20.179479674652217	29.784362811918076	0.0
376.0	29.789875271774584	20.237885496117777	20.159999796833716	29.81223943527392	0.0
377.0	29.79607929283278	20.23068137159357	20.14162200736093	29.831617328212722	0.0
378.0	29.714573135822707	20.265721619090233	20.22100983865507	29.798695406431992	0.0
379.0	29.743429395864712	20.242635003118846	20.21622402351593	29.797711577500515	0.0
380.0	29.753416925999048	20.22229124702225	20.221402424865563	29.80288940211314	0.0
381.0	29.80512414522983	20.24084028566513	20.148752706917712	29.805282862187337	0.0
382.0	29.80080053087269	20.24210829212409	20.150592748051803	29.806498428951418	0.0
383.0	29.784968473692473	20.247290302480188	20.194501771336146	29.773239452491197	0.0
384.0	29.772347731079684	20.22927114642874	20.210955610696146	29.78742551179543	0.0
385.0	29.789443512277618	20.21574636089902	20.223301038672968	29.771509088150395	0.0
386.0	29.793575025853908	20.21715379092266	20.16236699282693	29.8269041903965	0.0
387.0	29.73900647627319	20.261025265496095	20.142390402812573	29.857577855418143	0.0
388.0	29.70641897232198	20.295818808916337	20.163535783232955	29.834226435528727	0.0
389.0	29.74369074597247	20.23601864038446	20.20259507188051	29.817695541762557	0.0
390.0	29.752207114185904	20.25201444598847	20.178422812422433	29.817355627403195	0.0
391.0	29.773603099669927	20.2473775039049	20.147235591229283	29.83178380519589	0.0
392.0	29.715494120074272	20.281585754868196	20.127882433225945	29.875037691831587	0.0
393.0	29.718024890341603	20.26938218826092	20.161767065392254	29.85082585600522	0.0
394.0	29.73491620266885	20.261743171753384	20.17263337308757	29.830707252490196	0.0
395.0	29.76946256599457	20.26475272627322	20.14012717424217	29.82565753349004	0.0
396.0	29.803130387753185	20.214659513042328	20.142960341058266	29.83924975814622	0.0
397.0	29.775206633079353	20.259158816939827	20.131742424326582	29.833892125654245	0.0
398.0	29.734098957032373	20.309827496626962	20.14503981787026	29.811033728470406	0.0
399.0	29.79218592150628	20.28473229698716	20.170632443269838	29.75244933823672	0.0
400.0	29.766248357549557	20.28597680574334	20.161182310412023	29.786592526295074	0.0
401.0	29.752320674569827	20.24617177562073	20.126186679734214	29.875320870075235	0.0
402.0	29.757117111169894	20.265503844292926	20.119019074122942	29.858359970414234	0.0
403.0	29.680565140676606	20.27866029655699	20.153821423125073	29.88695313964133	0.0
404.0	29.72428681103043	20.24764169282071	20.17428130463746	29.853790191511397	0.0
405.0	29.719706014714497	20.218898945255745	20.194874109224457	29.866520930805297	0.0
406.0	29.777164414476605	20.2288020722751	20.14124070553071	29.852792807717588	0.0
407.0	29.75416202852625	20.261111106703282	20.099096861826922	29.885630002943547	0.0
408.0	29.738881319817544	20.229826838054564	20.185650119756353	29.84564172237154	0.0
409.0	29.769752240322667	20.230676195502568	20.15998428433921	29.839587279835555	0.0
410.0	29.81543765800429	20.242146833630486	20.13459442682406	29.807821081541164	0.0
411.0	29.809632904147463	20.24321466841064	20.101452106262578	29.84570032117932	0.0
412.0	29.740724291283605	20.262250891880573	20.11691914467689	29.880105672158937	0.0
413.0	29.703999955571035	20.278966296663306	20.1151503563441	29.901883391421556	0.0
414.0	29.73234441526435	20.275089448340676	20.13298126809178	29.859584868303195	0.0
415.0	29.732177581009267	20.273288700759235	20.119867863547007	29.87466585468449	0.0
416.0	29.749867389620004	20.257740947467248	20.113460219345423	29.878931443567318	0.0
417.0	29.690636719808634	20.256795703961245	20.129922676633722	29.922644899596406	0.0
418.0	29.709998560869582	20.276935023499714	20.122645010636393	29.890421404994306	0.0
419.0	29.769287950946023	20.226578732539515	20.138343135084877	29.865790181429585	0.0
420.0	29.78174616396916	20.226615626425033	20.104251058075885	29.88738715152992	0.0
421.0	29.77039718614856	20.17097561997266	20.16529536681742	29.89333182706136	0.0
422.0	29.81747740046032	20.175303313160583	20.10852094751309	29.898698338866005	0.0
423.0	29.71527623520452	20.214847840573732	20.167137371878272	29.90273855234348	0.0
424.0	29.727768305565633	20.23310527038961	20.18130163109272	29.857824792952037	0.0
425.0	29.783931176315477	20.179624206333973	20.150478032162017	29.88596658518854	0.0
426.0	29.83137632515926	20.215928550360612	20.12281021582225	29.829884908657878	0.0
427.0	29.780128768575135	20.23800608620323	20.106318164365568	29.875546980856065	0.0
428.0	29.7097541437345	20.23881656951188	20.132213645650232	29.919215641103385	0.0
429.0	29.75579851017053	20.261407939781073	20.136798020076256	29.845995529972146	0.0
430.0	29.749133456228886	20.229217823568245	20.12437741088922	29.897271309313645	0.0
431.0	29.789371843941158	20.223558596950383	20.075342426632837	29.91172713247562	0.0
432.0	29.783168435744038	20.193707666012532	20.094738968076012	29.92838493016741	0.0
433.0	29.723054272224196	20.22246408082449	20.131143067472205	29.923338579479108	0.0
434.0	29.750609661196386	20.24271900881647	20.15680877842316	29.849862551563987	0.0
435.0	29.774680341557076	20.224462941768333	20.096685236265007	29.904171480409588	0.0
436.0	29.77933967215237	20.216059469739996	20.10595617571597	29.898644682391662	0.0
437.0	29.7483555624515	20.259997312484305	20.09563684841031	29.896010276653882	0.0
438.0	29.73388202321435	20.2738044791764	20.091787467970924	29.90052602963833	0.0
439.0	29.751868265933506	20.25895938717863	20.131232742188423	29.85793960469944	0.0
440.0	29.775384553390726	20.24028171682015	20.102418538964432	29.88191519082469	0.0
441.0	29.75885481140994	20.221988802517252	20.06051990193834	29.958636484134466	0.0
442.0	29.73196232829717	20.235698007664112	20.070152560401876	29.962187103636843	0.0
443.0	29.726837697305214	20.27043363044132	20.076856544181013	29.925872128072456	0.0
444.0	29.738407026578113	20.274799932418443	20.05974463373097	29.927048407272473	0.0
445.0	29.769340683067085	20.20988527238429	20.09531471130741	29.925459333241218	0.0
446.0	29.806243805119365	20.225452408721882	20.072761688891035	29.895542097267718	0.0
447.0	29.791559816873797	20.241603609094504	20.079189279956267	29.887647294075432	0.0
448.0	29.756073881393874	20.26178079408015	20.124368800338726	29.85777652418726	0.0
449.0	29.774531653754455	20.17990003685124	20.146903663120984	29.89866464627332	0.0
450.0	29.789473834496366	20.198985465380517	20.146255173683965	29.865285526439152	0.0
451.0	29.801888755918622	20.18542055054767	20.145444865916478	29.867245827617232	0.0
452.0	29.7528455134948	20.19635236825119	20.125475283361606	29.925326834892402	0.0
453.0	29.721686268991927	20.202971829156073	20.149053074677713	29.92628882717429	0.0
454.0	29.757890086461597	20.20537900413312	20.146749143989766	29.88998176541552	0.0
455.0	29.745272842639594	20.206630710659898	20.168527918781727	29.87956852791878	0.0
456.0	29.77266317239839	20.19605529027585	20.127289841844227	29.90399169548153	0.0
457.0	29.723127410438714	20.22838820061449	20.124979160357935	29.923505228588866	0.0
458.0	29.729766170859655	20.240435917199083	20.145958215031314	29.88383969690995	0.0
459.0	29.756262453009498	20.210212272804206	20.14590592714475	29.88761934704155	0.0
460.0	29.780724727016278	20.186360822953255	20.14288202414192	29.890032425888556	0.0
461.0	29.815714970965644	20.179034607731666	20.11017636339641	29.895074057906278	0.0
462.0	29.812294931796608	20.203083448532393	20.08949440104817	29.89512721862283	0.0
463.0	29.702621960717384	20.212310008651148	20.15863292200992	29.926435108621547	0.0
464.0	29.715127304047417	20.21611907248832	20.157810543279727	29.910943080184538	0.0
465.0	29.759607438442572	20.224356239208	20.119350844595505	29.896685477753927	0.0
466.0	29.775916526673647	20.16960634824659	20.122766648039704	29.931710477040063	0.0
467.0	29.75878661927407	20.20159882598163	20.124780692397383	29.914833862346917	0.0
468.0	29.701566305803652	20.236478105535777	20.14232337581505	29.91963221284552	0.0
469.0	29.721012343407494	20.21936433513414	20.170399931478386	29.889223389979986	0.0
470.0	29.76899044527745	20.188318713656674	20.146079921251538	29.896610919814336	0.0
471.0	29.802138888999036	20.19986755859739	20.109664653610217	29.888328898793354	0.0
472.0	29.774989607010987	20.229951127177355	20.1293599996574	29.865699266154255	0.0
473.0	29.718500570916667	20.232369983820195	20.18420012901337	29.864929316249768	0.0
