# Position (bp)	A	C	G	T	N
0.0	23.221009394135322	30.7502575491245	23.042651457901673	22.986081598838506	0.0
1.0	28.16930929752774	31.21082165162831	21.16377690626924	19.456092144574715	0.0
2.0	30.46647123446667	23.924277055365813	14.950172283482374	30.65907942668515	0.0
3.0	30.697627528187983	20.455354191071276	20.730271650296057	28.116746630444684	0.0
4.0	33.62429342919947	17.281728810443006	22.520878141783797	26.573099618573725	0.0
5.0	33.16632948078939	17.64054102121414	21.95633833472766	27.236791163268805	0.0
6.0	31.90704558360072	18.099639639235235	18.313486611438496	31.679828165725553	0.0
7.0	30.025212336749956	18.697516335012768	17.192847152450405	34.08442417578687	0.0
8.0	28.63057062423951	19.668516508175486	18.550563712333513	33.15034915525149	0.0
9.0	28.617210033438077	20.198466737882274	19.85797810671692	31.326345121962724	0.0
10.0	28.93664595439529	20.362586999609917	20.410496412147513	30.290270633847282	0.0
11.0	29.248251773384403	20.262672855961526	20.73375441878563	29.75532095186844	0.0
12.0	29.567842135886735	20.244877534088566	20.498565818122362	29.688714511902337	0.0
13.0	29.847375898841623	20.209233425311844	20.38805599925553	29.555334676591006	0.0
14.0	30.109153310263547	20.107672486453172	20.094874849643723	29.688299353639557	0.0
15.0	29.794596160570936	20.192992442129068	19.925142364151036	30.08726903314896	0.0
16.0	29.937812871464466	20.171494272599112	19.887887409574596	30.00280544636183	0.0
17.0	29.99872916942053	20.190324817599137	20.03757002523643	29.7733759877439	0.0
18.0	29.695176076276763	20.275745703310324	20.185226988669697	29.843851231743212	0.0
19.0	29.84899372717182	20.125966601445576	20.444899653238007	29.580140018144597	0.0
20.0	29.599047433284	20.298630047921552	20.359073797148675	29.743248721645777	0.0
21.0	29.40751626978576	20.375431101922484	20.14681125582703	30.070241372464736	0.0
22.0	29.51527253524324	20.43017501547206	19.858827914860267	30.195724534424436	0.0
23.0	29.6897144340685	20.21659942565076	19.863500472253325	30.230185668027413	0.0
24.0	29.729121127099706	20.11648361658506	19.928947924128305	30.225447332186928	0.0
25.0	29.844484789386982	20.04771757209783	19.993786907156778	30.114010731358416	0.0
26.0	29.91374844336128	20.175741367600452	19.909866995947564	30.000643193090703	0.0
27.0	29.833563142567794	20.151951075625014	20.139009382647817	29.87547639915938	0.0
28.0	29.55291061713933	20.440818353425033	20.15114135918992	29.855129670245717	0.0
29.0	29.665935405531645	20.51471553623562	20.08835607881706	29.730992979415678	0.0
30.0	29.833649911041583	20.486643348598125	20.004067215995423	29.675639524364865	0.0
31.0	29.608632605453387	20.571918702907183	19.740902190131283	30.078546501508146	0.0
32.0	29.857354032318618	20.328219675999282	19.737438258760225	30.076988032921875	0.0
33.0	29.828515835768172	20.251051136652855	19.86513064126971	30.05530238630926	0.0
34.0	29.71378819251039	20.266838996672902	19.907980739163396	30.111392071653313	0.0
35.0	29.992712888771837	20.033798709694654	19.99287828806641	29.980610113467097	0.0
36.0	30.02256543020619	20.11850428886295	19.851917345961915	30.00701293496894	0.0
37.0	29.759446751220114	20.198392071440736	20.01004617455888	30.03211500278027	0.0
38.0	29.68369702022871	20.20675490295217	20.08208632960838	30.027461747210737	0.0
39.0	29.683667041970306	20.24445717007487	20.2592901959899	29.81258559196492	0.0
40.0	29.548858650155935	20.460393346574392	20.33666776143329	29.654080241836382	0.0
41.0	29.677821052742008	20.62726373612749	19.84678839962499	29.84812681150551	0.0
42.0	29.7042681327694	20.368480698592233	19.738584219050754	30.188666949587617	0.0
43.0	29.84365995404269	20.170771239204022	19.936168988637185	30.049399818116107	0.0
44.0	29.99012448174984	20.061827673318998	19.889284220403006	30.058763624528158	0.0
45.0	30.032718568347704	19.92492320933416	19.981909360237495	30.06044886208064	0.0
46.0	30.12467158861331	19.915705492967458	19.902246465773867	30.057376452645357	0.0
47.0	29.874302976414253	20.0163469052264	19.983265396010452	30.126084722348896	0.0
48.0	29.67912586281517	20.203284687537142	20.11310258833429	30.004486861313406	0.0
49.0	29.73062672119631	20.243508665122203	20.291806223839483	29.734058389842005	0.0
50.0	29.61890333990185	20.51779948642313	20.142498200066214	29.720798973608808	0.0
51.0	29.792297490092558	20.357209746826573	19.785932133897102	30.064560629183767	0.0
52.0	29.776275216335176	20.21505167962761	19.86070931377003	30.14796379026719	0.0
53.0	29.726635777515515	20.134299506165387	20.03079914162681	30.10826557469229	0.0
54.0	29.826229422271	20.103304587317712	19.958417679951143	30.112048310460143	0.0
55.0	30.006529300932794	19.96597012848794	20.030945487563752	29.996555083015515	0.0
56.0	30.039185081177266	19.933871502854984	19.91230406466801	30.114639351299736	0.0
57.0	29.936721977698248	20.000158810446234	20.07505381688997	29.988065394965552	0.0
58.0	29.825321151851035	20.127696896618584	20.095570992293435	29.951410959236945	0.0
59.0	29.748679800773182	20.20108474285592	20.24207026929603	29.80816518707487	0.0
60.0	29.63282955884891	20.359540541918157	20.144394850540518	29.863235048692417	0.0
61.0	29.60274913565521	20.318620655927102	20.12342656221171	29.95520364620598	0.0
62.0	29.737477723284773	20.280766001445524	19.97375063035324	30.008005644916462	0.0
63.0	29.609785985548832	20.237450885657797	19.956296233610495	30.196466895182883	0.0
64.0	29.802293927705808	20.08391783368278	20.0420668783347	30.071721360276708	0.0
65.0	29.96236082172416	19.99621830088354	19.991518960251835	30.049901917140463	0.0
66.0	29.895654186667986	20.02935723188546	19.982666977194167	30.092321604252387	0.0
67.0	29.86535107020007	19.995377187818892	20.13377580249924	30.0054959394818	0.0
68.0	29.83116459868157	20.048054996556047	20.22357828438646	29.897202120375926	0.0
69.0	29.79147641202215	20.052269396290693	20.220198800858014	29.936055390829143	0.0
70.0	29.73574271141226	20.126707115036897	20.10029392609355	30.037256247457293	0.0
71.0	29.71680286293914	20.120080652700853	19.98662243244114	30.176494051918866	0.0
72.0	29.705070625342838	20.18177581723248	20.09943037524634	30.013723182178335	0.0
73.0	29.741782878841	20.153899556430126	20.041701630972785	30.06261593375609	0.0
74.0	29.84937446215935	19.99510209886015	20.016687146009193	30.138836292971305	0.0
75.0	29.977331525526594	19.95917674855388	19.924657437499018	30.138834288420508	0.0
76.0	29.997168706975135	19.92989058258615	20.015480062872477	30.05746064756623	0.0
77.0	29.92992772179557	19.97956582293427	20.125156954031674	29.965349501238492	0.0
78.0	29.851143717725325	20.04979861554136	20.214254655329466	29.88480301140385	0.0
79.0	29.75657123415233	20.1361695428875	20.273421358153445	29.83383786480672	0.0
80.0	29.743409817189654	20.08451023386941	20.235786345383055	29.936293603557885	0.0
81.0	29.72921422521082	20.150900953080367	20.181209359362807	29.93867546234601	0.0
82.0	29.679883682349228	20.261762317771684	20.161414066178114	29.89693993370097	0.0
83.0	29.598822765349453	20.274182443761546	20.11636521502637	30.01062957586263	0.0
84.0	29.725236810241924	20.168875107915085	20.130715096402028	29.975172985440963	0.0
85.0	29.86231961321163	20.03600754486108	20.11754573691232	29.984127105014974	0.0
86.0	29.939875212705612	20.01253426097442	20.151616959331083	29.895973566988882	0.0
87.0	29.962261648340625	19.99740753104299	20.131314740327902	29.909016080288474	0.0
88.0	29.77973782149993	20.104667053993364	20.26387609522652	29.851719029280183	0.0
89.0	29.771697814167165	20.208431266688994	20.222709771463013	29.79716114768083	0.0
90.0	29.637596605606397	20.304568930574053	20.19362765900908	29.86420680481047	0.0
91.0	29.6594075282817	20.333889800469805	20.130541066592507	29.876161604655987	0.0
92.0	29.660370965032275	20.293615740687127	20.126632139377847	29.91938115490275	0.0
93.0	29.574614705165693	20.31334077018356	20.134209130320013	29.977835394330732	0.0
94.0	29.63792671857347	20.23135976009627	20.146681510477226	29.984032010853028	0.0
95.0	29.68997932899418	20.21519990723349	20.127509537993266	29.967311225779063	0.0
96.0	29.91448151324195	20.167385401388994	20.059123108741026	29.859009976628037	0.0
97.0	29.999490821058185	20.073166317352992	20.09986252168571	29.82748033990312	0.0
98.0	29.89305537226159	20.16642704505309	20.14943886666802	29.7910787160173	0.0
99.0	29.85187244854825	20.279613019210565	20.16580540341112	29.70270912883006	0.0
100.0	29.764683527117274	20.34098508140702	20.178865770730525	29.715465620745178	0.0
101.0	29.79724746341239	20.268274771481096	20.143765077965273	29.79071268714124	0.0
102.0	29.669027864417412	20.246108908838607	20.048515024383605	30.036348202360376	0.0
103.0	29.545335952424946	20.270674712152367	19.996621720749534	30.18736761467315	0.0
104.0	29.557605607398962	20.25192947040633	20.01126707308911	30.1791978491056	0.0
105.0	29.701743431502432	20.208782928527825	20.089706780536538	29.99976685943321	0.0
106.0	29.867903758203184	20.13865418875183	20.10132067694507	29.892121376099922	0.0
107.0	30.07337010693483	19.97675336602791	20.059872214880226	29.890004312157032	0.0
108.0	29.968973305687797	20.03442053636026	20.17582004897917	29.82078610897278	0.0
109.0	29.81765450030901	20.122978267009657	20.359035768936103	29.700331463745233	0.0
110.0	29.70163976022075	20.246534936090583	20.294126042690856	29.75769926099781	0.0
111.0	29.641381709850318	20.331810050180014	20.18940366453813	29.837404575431535	0.0
112.0	29.692264802792767	20.29325693632388	20.09095773140717	29.923520529476182	0.0
113.0	29.637883229214818	20.2838673256038	20.025721065981195	30.05252837920019	0.0
114.0	29.70418613088741	20.158370398537702	20.025327339048424	30.112116131526463	0.0
115.0	29.833939018368444	20.08447665038997	20.079846402630487	30.001737928611092	0.0
116.0	29.98475055494692	20.029893161915428	20.026610812819047	29.958745470318604	0.0
117.0	29.984232311456882	20.001480995685768	20.091054278650446	29.9232324142069	0.0
118.0	29.85820105551641	20.11432012679897	20.19742254081231	29.83005627687232	0.0
119.0	29.738982740178592	20.183037762816117	20.2505840534307	29.827395443574588	0.0
120.0	29.736106277336155	20.230937727677407	20.27856813852141	29.754387856465026	0.0
121.0	29.80302334346125	20.24220424605014	20.20879687318406	29.74597553730456	0.0
122.0	29.665283728520052	20.385555777351342	20.124278928059365	29.824881566069237	0.0
123.0	29.580138450810832	20.399377095019013	19.999739980612702	30.020744473557453	0.0
124.0	29.613810932672052	20.32090809596612	20.019101521383543	30.04617944997829	0.0
125.0	29.72813058863818	20.22467118196923	20.01384079753434	30.03335743185825	0.0
126.0	29.8021655017919	20.153895057427256	19.939072967374788	30.104866473406055	0.0
127.0	29.822229782722122	20.099412822900238	19.97102877036202	30.107328624015615	0.0
128.0	29.78767929214382	20.09578101254304	20.035331297099017	30.081208398214127	0.0
129.0	29.818319079326493	20.094543009094906	20.088756538117703	29.998381373460898	0.0
130.0	29.72162878723025	20.169143240516508	20.150484122469763	29.958743849783474	0.0
131.0	29.746941195493992	20.23289399843374	20.048810878849466	29.971353927222804	0.0
132.0	29.59405108567401	20.387821453307165	20.028632986525757	29.989494474493068	0.0
133.0	29.52745133411686	20.41232563617808	20.069360316970656	29.990862712734405	0.0
134.0	29.65072409273612	20.306570319648312	20.101412296292445	29.941293291323124	0.0
135.0	29.771427022473684	20.235666692716585	20.088006453616376	29.904899831193354	0.0
136.0	29.88296231691908	20.12289487754659	20.056666573141776	29.93747623239255	0.0
137.0	29.92346582116916	20.046780926342233	20.063583508994295	29.96616974349431	0.0
138.0	29.802306231796805	20.11396740283097	20.11477581718803	29.968950548184193	0.0
139.0	29.732178932453408	20.146536694328347	20.21837369092053	29.902910682297712	0.0
140.0	29.72167409250563	20.20145741831247	20.231415443790105	29.845453045391796	0.0
141.0	29.75054458754557	20.21562227220802	20.155580138100078	29.878253002146334	0.0
142.0	29.663168436070446	20.261994018385483	20.16665401278396	29.90818353276011	0.0
143.0	29.66395232264635	20.265585684113756	20.159690604407142	29.910771388832753	0.0
144.0	29.704420333476932	20.188830148916768	20.221829777076575	29.884919740529725	0.0
145.0	29.861974041914348	20.09036576149804	20.17746013471019	29.870200061877423	0.0
146.0	30.000443787920094	19.977461913486717	20.113086671780795	29.9090076268124	0.0
147.0	29.986185695569883	19.926214877416275	20.14022882041753	29.947370606596312	0.0
148.0	29.888235307169847	20.02234406306928	20.198570220869907	29.89085040889097	0.0
149.0	29.892446158098533	20.029593076183787	20.220302954996715	29.857657810720962	0.0
150.0	29.764847532771622	20.144537312761038	20.242545903093532	29.84806925137381	0.0
151.0	29.79164160625622	20.16758817658948	20.245626096615826	29.795144120538474	0.0
152.0	29.779104878786693	20.16879385124188	20.170553011992247	29.88154825797918	0.0
153.0	29.708222601484362	20.16257593408974	20.19807563115371	29.931125833272187	0.0
154.0	29.719061094291206	20.130288761429508	20.26558228990755	29.885067854371737	0.0
155.0	29.85370955856134	20.113675802885872	20.195291637942645	29.837323000610137	0.0
156.0	29.897296707082706	20.081174380388074	20.12259990659447	29.898929005934754	0.0
157.0	29.94697135134467	20.084723495738785	20.09465983029945	29.873645322617094	0.0
158.0	29.83496665736961	20.141500164811482	20.176015492279216	29.847517685539692	0.0
159.0	29.773459552212035	20.185876822494244	20.235113721865876	29.805549903427853	0.0
160.0	29.813601995953327	20.18460730023986	20.26369935953022	29.738091344276597	0.0
161.0	29.84750335713835	20.149469909676576	20.277828751556548	29.725197981628522	0.0
162.0	29.793194047069132	20.219570383035908	20.239584629122394	29.74765094077257	0.0
163.0	29.78489247793185	20.222182958261264	20.23167497680477	29.761249587002116	0.0
164.0	29.764927245120226	20.25610072636033	20.2347241374174	29.744247891102045	0.0
165.0	29.814914469130542	20.266312601573453	20.162901001219517	29.755871928076488	0.0
166.0	29.825924983975842	20.216835148083796	20.188772078275523	29.768467789664836	0.0
167.0	29.858719506881005	20.23736897565304	20.102822916088957	29.801088601376996	0.0
168.0	29.776125965886084	20.25978800221521	20.15923206064414	29.804853971254563	0.0
169.0	29.7725996453168	20.21157081051069	20.19940155132702	29.81642799284549	0.0
170.0	29.865987689552092	20.164577689143286	20.21371363488427	29.755720986420354	0.0
171.0	29.832426365079122	20.196569999442257	20.220400891376766	29.750602744101855	0.0
172.0	29.870168762070815	20.205799442355826	20.178942396469257	29.745089399104103	0.0
173.0	29.862629344506615	20.16714290648788	20.193033198198897	29.777194550806605	0.0
174.0	29.80859925660477	20.163870814203	20.325754720135098	29.701775209057136	0.0
175.0	29.821896489931056	20.201331371587795	20.311925146077265	29.664846992403888	0.0
176.0	29.870587705911284	20.201836153179233	20.197637438968126	29.72993870194136	0.0
177.0	29.840933595182772	20.19797148545159	20.19283801115897	29.76825690820667	0.0
178.0	29.759192063611266	20.22863983791079	20.20270340925403	29.809464689223912	0.0
179.0	29.816658171797467	20.185425276072685	20.202488951784897	29.795427600344947	0.0
180.0	29.786843683783747	20.218701568165564	20.18289508414999	29.811559663900695	0.0
181.0	29.849818362779175	20.176394623557275	20.129925787700635	29.843861225962915	0.0
182.0	29.811350886843485	20.16043223004951	20.099879210827172	29.928337672279838	0.0
183.0	29.77546665492164	20.183159056453924	20.180180551280117	29.861193737344323	0.0
184.0	29.788775527340327	20.1812496217497	20.2416429260144	29.788331924895573	0.0
185.0	29.883203681107172	20.184761947612916	20.20363072705479	29.72840364422512	0.0
186.0	29.867902226006155	20.212586463356615	20.21263399136923	29.706877319268	0.0
187.0	29.848618405710404	20.214609082705547	20.186060865685867	29.750711645898182	0.0
188.0	29.75265621133471	20.286379393763113	20.216609586599635	29.744354808302543	0.0
189.0	29.792209528685927	20.22673783439878	20.19947327598007	29.78157936093523	0.0
190.0	29.85829021491011	20.1758575801689	20.14982889665472	29.81602330826627	0.0
191.0	29.793672622877036	20.152599342209797	20.14865469214541	29.90507334276775	0.0
192.0	29.767746612390567	20.182985405271136	20.129788657781745	29.91947932455656	0.0
193.0	29.75252198818848	20.15745000380199	20.172214407015943	29.917813600993586	0.0
194.0	29.781043728997158	20.154061622431165	20.217982019596235	29.846912628975442	0.0
195.0	29.799029085456795	20.200139245208597	20.185311769071564	29.815519900263045	0.0
196.0	29.840172174427675	20.188690423763774	20.145317320663782	29.825820081144773	0.0
197.0	29.89451636874235	20.156562933993882	20.138361625622373	29.810559071641396	0.0
198.0	29.7672054259489	20.27941431788487	20.172361572785093	29.781018683381134	0.0
199.0	29.82656789450715	20.221770057715656	20.176861621028237	29.774800426748953	0.0
200.0	29.857580870710144	20.235102130299214	20.160509026256644	29.746807972733997	0.0
201.0	29.863150446436563	20.228969120976096	20.091791672124987	29.816088760462357	0.0
202.0	29.899183469421764	20.198930723206463	20.058333116850612	29.843552690521165	0.0
203.0	29.81000693000693	20.22153846153846	20.09752697752698	29.87092763092763	0.0
204.0	29.735667537753518	20.20818014866028	20.13602957365742	29.92012273992878	0.0
205.0	29.752798801502493	20.205289266775623	20.205320946240267	29.83659098548162	0.0
206.0	29.76260849345602	20.198727001668228	20.13644562798062	29.90221887689513	0.0
207.0	29.749157933168448	20.259530026523223	20.13794610930673	29.8533659310016	0.0
208.0	29.748730951602564	20.23566729263762	20.1387304954294	29.87687126033042	0.0
209.0	29.74468711936301	20.23236180649821	20.1853350714271	29.83761600271168	0.0
210.0	29.811378253711663	20.218811109305452	20.15113054887937	29.818680088103523	0.0
211.0	29.840006943824083	20.210392801231137	20.085248745391638	29.864351509553146	0.0
212.0	29.890672083565967	20.141409581734596	20.044507272028923	29.923411062670514	0.0
213.0	29.794127942245584	20.201959886784625	20.086637956294556	29.91727421467523	0.0
214.0	29.786300236423468	20.185229797371452	20.10114242569814	29.927327540506944	0.0
215.0	29.762109720292777	20.2067437697873	20.060949910741847	29.970196599178074	0.0
216.0	29.793942446430577	20.181333814820622	20.077275542187948	29.94744819656085	0.0
217.0	29.764277298502634	20.276672573817077	20.05850027012186	29.900549857558428	0.0
218.0	29.69948652646717	20.27838754739573	20.08262774277542	29.939498183361685	0.0
219.0	29.695370531684063	20.272763268344445	20.133182343717827	29.898683856253662	0.0
220.0	29.764159213476542	20.2527477592124	20.091042662112528	29.89205036519853	0.0
221.0	29.798878873412537	20.195973839746113	20.037706647728875	29.967440639112475	0.0
222.0	29.779345851881935	20.223188181773835	20.03049075996303	29.966975206381203	0.0
223.0	29.725400077129027	20.211891015260303	20.09358427454766	29.96912463306301	0.0
224.0	29.773195340754967	20.143974903375845	20.12699717903707	29.95583257683212	0.0
225.0	29.82055735167839	20.193379449363324	20.07342793676113	29.912635262197156	0.0
226.0	29.83037308039933	20.192772908471273	20.02379056071257	29.953063450416828	0.0
227.0	29.811345795197695	20.209844188686514	20.051631977174363	29.927178038941427	0.0
228.0	29.738122900016723	20.25049031283733	20.087195233196333	29.924191553949615	0.0
229.0	29.79757147854808	20.19690937047313	20.139453187543285	29.866065963435506	0.0
230.0	29.789889223589583	20.19679999670596	20.134197364734842	29.879113414969616	0.0
231.0	29.82722251080057	20.187458032965502	20.102399564176306	29.88291989205762	0.0
232.0	29.806767546348347	20.17768891027171	20.074498152590877	29.941045390789068	0.0
233.0	29.769527921260085	20.14699042419576	20.120401085681173	29.96308056886298	0.0
234.0	29.72580831365802	20.13335134451177	20.162141780385983	29.978698561444222	0.0
235.0	29.772808937198487	20.165944508959416	20.121919836772985	29.939326717069108	0.0
236.0	29.80295457287979	20.124009333163993	20.093398151547046	29.97963794240917	0.0
237.0	29.80156057518279	20.141263520189245	20.10582253568367	29.95135336894429	0.0
238.0	29.7163351479134	20.193242008901027	20.133160701187183	29.957262141998385	0.0
239.0	29.830986285737993	20.167232188823327	20.121086721016123	29.880694804422554	0.0
240.0	29.807137755804945	20.191912105870745	20.099669510219528	29.901280628104775	0.0
241.0	29.818305277348152	20.169160939633088	20.101400917476084	29.911132865542672	0.0
242.0	29.820507546113024	20.177172570650736	20.055731037963266	29.94658884527297	0.0
243.0	29.73030664649889	20.20266272938947	20.119638500186223	29.94739212392542	0.0
244.0	29.714423163102655	20.16470738762055	20.15116836244936	29.96970108682743	0.0
245.0	29.805868535456753	20.172152405456	20.125676513221798	29.89630254586545	0.0
246.0	29.806970447402097	20.182348882773432	20.076080572629586	29.934600097194885	0.0
247.0	29.755117655889062	20.198755509726062	20.073407064483824	29.972719769901047	0.0
248.0	29.720873411678266	20.213562915710977	20.09646513550169	29.96909853710907	0.0
249.0	29.721647644779658	20.22601095851974	20.127281989096584	29.925059407604017	0.0
250.0	29.778151754435413	20.167820793538493	20.10150573812077	29.952521713905323	0.0
251.0	29.862517625691666	20.127815459305136	20.077430326561217	29.93223658844198	0.0
252.0	29.828552481694754	20.152193003707445	20.084453847910236	29.934800666687565	0.0
253.0	29.773821128015705	20.207462848217798	20.08962473580638	29.92909128796012	0.0
254.0	29.815149559400357	20.147070279965874	20.12556757328496	29.912212587348808	0.0
255.0	29.8257470077729	20.180744925604028	20.09812319789471	29.895384868728357	0.0
256.0	29.84529988881454	20.15306922221163	20.069513871581584	29.932117017392244	0.0
257.0	29.820850185762005	20.20323300622838	20.06767994467041	29.908236863339205	0.0
258.0	29.751073958963214	20.2325619322537	20.07056754719347	29.94579656158961	0.0
259.0	29.770107498926084	20.18802059822116	20.144842425001478	29.897029477851277	0.0
260.0	29.81109239418449	20.20853319796768	20.09291716416764	29.88745724368019	0.0
261.0	29.825986407676908	20.15573395552182	20.078831230581347	29.93944840621992	0.0
262.0	29.78783570697866	20.20317890982523	20.067408582236364	29.94157680095975	0.0
263.0	29.78162707234675	20.204653469281318	20.0630572589868	29.950662199385135	0.0
264.0	29.77827655533998	20.204592039818326	20.099412813974162	29.917718590867537	0.0
265.0	29.866469366580912	20.142389187718862	20.109789074576362	29.88135237112387	0.0
266.0	29.852272608525897	20.142470865069086	20.091805550321897	29.913450976083123	0.0
267.0	29.813034823208213	20.19685278109256	20.068575166929516	29.92153722876971	0.0
268.0	29.756236271052373	20.206366843497044	20.131715567078963	29.905681318371624	0.0
269.0	29.787396074517293	20.19382640834545	20.1163889409607	29.902388576176552	0.0
270.0	29.790151951506736	20.210703007270002	20.097626792761474	29.90151824846179	0.0
271.0	29.76717734793002	20.213665375899005	20.072091521749524	29.947065754421452	0.0
272.0	29.762714097037797	20.183962516572524	20.05961516600704	29.993708220382644	0.0
273.0	29.715604769315778	20.238259969190384	20.071894379699216	29.97424088179462	0.0
274.0	29.76804274688304	20.225529388482087	20.08843855135563	29.917989313279243	0.0
275.0	29.775756127842705	20.205664936696255	20.088650099037523	29.929928836423514	0.0
276.0	29.80850887319903	20.14263359511007	20.108832289160596	29.940025242530304	0.0
277.0	29.82416282808677	20.161738850967055	20.116380412437238	29.89771790850894	0.0
278.0	29.801139449045706	20.167133547569765	20.147027113289152	29.88469989009538	0.0
279.0	29.751695182246934	20.155135100048604	20.239961497238156	29.85320822046631	0.0
280.0	29.768607952611475	20.16406009309636	20.17124765652186	29.896084297770305	0.0
281.0	29.809688608705155	20.163366046649326	20.14340242761407	29.883542917031452	0.0
282.0	29.742218653447566	20.19006996895124	20.09449512991022	29.973216247690974	0.0
283.0	29.72544026809576	20.18979034279636	20.151684092057227	29.933085297050653	0.0
284.0	29.72976994991436	20.185508584469986	20.156378901814133	29.928342563801525	0.0
285.0	29.79051144741604	20.175483035077928	20.125503789842103	29.908501727663932	0.0
286.0	29.801911199301152	20.151735204448173	20.10459005088447	29.941763545366207	0.0
287.0	29.835250714417	20.19501039231154	20.05784992739076	29.9118889658807	0.0
288.0	29.770133866943603	20.200721260400968	20.129671728365352	29.899473144290074	0.0
289.0	29.756563144565934	20.2056880190465	20.19330823709847	29.844440599289097	0.0
290.0	29.806437865603424	20.21128476314605	20.156715847291256	29.82556152395927	0.0
291.0	29.80911585836915	20.167169662690824	20.12528147091826	29.89843300802176	0.0
292.0	29.766793612830188	20.221689572858377	20.081698935118148	29.929817879193287	0.0
293.0	29.671488087709136	20.244221869692296	20.18158017590649	29.902709866692078	0.0
294.0	29.739057338997497	20.22113677505044	20.138295573544323	29.901510312407737	0.0
295.0	29.727721404747765	20.1799634602084	20.18246466767422	29.909850467369616	0.0
296.0	29.73018752631796	20.17122105816387	20.12536053620559	29.973230879312585	0.0
297.0	29.74540981776994	20.217444473378645	20.112489838950832	29.92465586990058	0.0
298.0	29.69242739287119	20.220261213906184	20.132767773539683	29.954543619682937	0.0
299.0	29.74503060911764	20.184493702145552	20.210550077630902	29.859925611105904	0.0
300.0	29.762560013778494	20.21447846801637	20.14115357844299	29.881807939762144	0.0
301.0	29.799897706533628	20.201344948543788	20.07114319043222	29.92761415449036	0.0
302.0	29.776394949316664	20.199852307166267	20.115099099042055	29.908653644475013	0.0
303.0	29.70103200817831	20.271250006727666	20.1650636880465	29.86265429704752	0.0
304.0	29.718182998217568	20.240153105321646	20.17533028768984	29.866333608770944	0.0
305.0	29.788601119600738	20.2027083928265	20.153351488906885	29.855338998665875	0.0
306.0	29.77218212323241	20.225055613307177	20.135191030701016	29.8675712327594	0.0
307.0	29.791628247127143	20.24052940212733	20.096180101831237	29.871662248914294	0.0
308.0	29.720467791823772	20.232756191688274	20.145251007544314	29.901525008943636	0.0
309.0	29.693074905197918	20.248087337582778	20.168513109565183	29.890324647654122	0.0
310.0	29.73799518567994	20.216772620014904	20.162509816138055	29.882722378167102	0.0
311.0	29.764989951613252	20.224974325010542	20.13829353446147	29.871742188914734	0.0
312.0	29.741185334917304	20.242882616496676	20.09641540778684	29.91951664079918	0.0
313.0	29.674875571607647	20.240225190736382	20.165844372661354	29.91905486499462	0.0
314.0	29.700659104302595	20.22058363789675	20.195257215932916	29.883500041867737	0.0
315.0	29.76760883749334	20.2291145696314	20.16168323799556	29.841593354879702	0.0
316.0	29.780866451193283	20.18609074416828	20.155699278345146	29.877343526293288	0.0
317.0	29.796281719140993	20.17333489299808	20.14181974570394	29.888563642156978	0.0
318.0	29.705126297561424	20.211551185414763	20.170475590491353	29.91284692653246	0.0
319.0	29.757392269621903	20.208109126704926	20.190982497122743	29.843516106550428	0.0
320.0	29.76280981937495	20.21877358957958	20.158419088800574	29.859997502244894	0.0
321.0	29.773359513684934	20.191778198288464	20.152238586261014	29.882623701765592	0.0
322.0	29.75345444104432	20.1984508060402	20.13698892499007	29.91110582792541	0.0
323.0	29.6615543094044	20.25061398304843	20.1623707374951	29.925460970052065	0.0
324.0	29.68817270337485	20.198828957965063	20.201947135961422	29.911051202698662	0.0
325.0	29.737981361647257	20.2289772458373	20.158003543303536	29.875037849211907	0.0
326.0	29.78473083757185	20.199931685707405	20.14200065908414	29.87333681763661	0.0
327.0	29.813961299353785	20.176518100457447	20.126881189082603	29.882639411106165	0.0
328.0	29.689873953669842	20.229268674871378	20.219676902902304	29.861180468556476	0.0
329.0	29.762195883430824	20.18361707337418	20.21922999792179	29.834957045273207	0.0
330.0	29.776095590288264	20.20139715895817	20.201602921447478	29.820904329306085	0.0
331.0	29.793464475190145	20.199547546190697	20.179857749130143	29.82713022948902	0.0
332.0	29.757417595201535	20.191063083391025	20.17672314323891	29.874796178168534	0.0
333.0	29.74769284144973	20.2077285518181	20.191837580343186	29.852741026388983	0.0
334.0	29.7435438029641	20.174255552757586	20.218952697157697	29.86324794712062	0.0
335.0	29.77684915867943	20.178525104766415	20.161605469236573	29.88302026731758	0.0
336.0	29.792542981085536	20.177812162083452	20.111115191081915	29.918529665749094	0.0
337.0	29.71851153571062	20.222349439227827	20.124694472111592	29.934444552949962	0.0
338.0	29.688587634860784	20.244288626063636	20.1536138085291	29.91350993054648	0.0
339.0	29.717112005349605	20.243375315060796	20.197033185744413	29.842479493845186	0.0
340.0	29.73086244052156	20.279789232978214	20.15605255627502	29.8332957702252	0.0
341.0	29.75737067682977	20.257301037624163	20.193264622650467	29.792063662895597	0.0
342.0	29.788565530979216	20.243618672504084	20.16438871300696	29.80342708350974	0.0
343.0	29.79452688955731	20.235330612684177	20.192186403243255	29.777956094515257	0.0
344.0	29.863751230736916	20.165520563930343	20.21490039597244	29.755827809360298	0.0
345.0	29.857570202381577	20.162996677487424	20.19889177832844	29.780541341802554	0.0
346.0	29.85595228712304	20.14104065198145	20.175178706463694	29.827828354431823	0.0
347.0	29.80567502858279	20.1806982936424	20.162434430515656	29.851192247259156	0.0
348.0	29.799023788681794	20.1959038121177	20.173430155753515	29.831642243446993	0.0
349.0	29.7426808994995	20.205519126582487	20.220585907874863	29.83121406604315	0.0
350.0	29.817820746097567	20.204882222317533	20.199501246882793	29.77779578470211	0.0
351.0	29.786726253772	20.163856098976467	20.20584329454358	29.843574352707954	0.0
352.0	29.74859035497036	20.22914209639712	20.189845491383235	29.832422057249282	0.0
353.0	29.757995314813098	20.2212407167494	20.22184211217671	29.798921856260797	0.0
354.0	29.793413313434584	20.222515709434997	20.237439771596964	29.746631205533458	0.0
355.0	29.814694273008673	20.204114996566535	20.23991353908158	29.741277191343208	0.0
356.0	29.85762961861007	20.153321949189156	20.206734581157924	29.78231385104285	0.0
357.0	29.813982490235425	20.200165855326045	20.16028461280378	29.82556704163475	0.0
358.0	29.78569321477903	20.208324629137977	20.207295951504655	29.798686204578345	0.0
359.0	29.79588768481482	20.21826842807009	20.202173663616257	29.78367022349883	0.0
360.0	29.80081650972084	20.216567990964172	20.212659049981745	29.76995644933324	0.0
361.0	29.817476801224522	20.21330402850637	20.169071422286397	29.80014774798271	0.0
362.0	29.763069446602874	20.239858279086008	20.138289935998333	29.85878233831279	0.0
363.0	29.72726993623279	20.279107733882455	20.18326860182797	29.810353728056782	0.0
364.0	29.721907297579413	20.246742666370416	20.24318196061005	29.78816807544012	0.0
365.0	29.788946202764517	20.22551018712598	20.21191627479326	29.773627335316238	0.0
366.0	29.819157227578625	20.236935286693754	20.16950399784777	29.77440348787985	0.0
367.0	29.796379299239934	20.244805669457115	20.154966258393465	29.803848772909486	0.0
368.0	29.753446431145836	20.261721932948078	20.189765175999707	29.795066459906383	0.0
369.0	29.795121302779425	20.235476384709543	20.216011602908956	29.753390709602073	0.0
370.0	29.833398373767594	20.206005684945403	20.20367942123825	29.756916520048755	0.0
371.0	29.820046044007032	20.22548207265129	20.157229459808974	29.797242423532705	0.0
372.0	29.81188602799626	20.2420685779737	20.136580558206646	29.80946483582339	0.0
373.0	29.76231884241446	20.259725010452236	20.186266600540385	29.79168954659292	0.0
374.0	29.735706765585874	20.25067607118651	20.22905951689375	29.784557646333866	0.0
375.0	29.793963217212145	20.24023382484658	20.18359744653646	29.78220551140482	0.0
376.0	29.792256494921972	20.231092673013695	20.164312944997082	29.81233788706725	0.0
377.0	29.796754355190348	20.229965380653773	20.149687489071177	29.823592775084705	0.0
378.0	29.717239922365003	20.26281329542838	20.22538835300978	29.794558429196837	0.0
379.0	29.74838883847938	20.23944219614853	20.22420329672938	29.787965668642713	0.0
380.0	29.761796629105024	20.217932427022227	20.223581706462173	29.796689237410572	0.0
381.0	29.80603289351463	20.239335179704725	20.154311581027507	29.80032034575314	0.0
382.0	29.80246698684221	20.240194953674767	20.155709753222194	29.80162830626083	0.0
383.0	29.79109647135077	20.241960087804802	20.19970972258442	29.767233718260005	0.0
384.0	29.775824249553683	20.22776780336944	20.217118236773572	29.779289710303303	0.0
385.0	29.796512961906274	20.21405746450916	20.225640626389545	29.763788947195025	0.0
386.0	29.79496150434881	20.21511042329788	20.165834723860655	29.824093348492653	0.0
387.0	29.737357254991753	20.256336939220418	20.15023799867491	29.856067807112918	0.0
388.0	29.705429094472606	20.29369268524791	20.174808559846916	29.82606966043257	0.0
389.0	29.744717770794605	20.234624384042554	20.206125893703007	29.814531951459838	0.0
390.0	29.755051424500678	20.252868314130538	20.183133472676428	29.808946788692353	0.0
391.0	29.773135916383204	20.24744263442161	20.153055048454142	29.82636640074105	0.0
392.0	29.71511821193033	20.279114117438002	20.13480367529581	29.87096399533586	0.0
393.0	29.71827141486154	20.268049214088883	20.168345666392657	29.845333704656916	0.0
394.0	29.737413036829015	20.255711716227783	20.180867255833398	29.826007991109808	0.0
395.0	29.77482486765387	20.26497074587265	20.141992014927073	29.818212371546405	0.0
396.0	29.810187812132803	20.214907815499984	20.14199441566904	29.832909956698174	0.0
397.0	29.77782735693512	20.25831268414174	20.132044064267244	29.831815894655893	0.0
398.0	29.73581006616418	20.307110018615845	20.150240075570995	29.80683983964898	0.0
399.0	29.796506338231193	20.28591582590996	20.174284348080082	29.743293487778764	0.0
400.0	29.773742782951267	20.285522104592598	20.162957475326866	29.777777637129265	0.0
401.0	29.75592258307882	20.243333741563635	20.12757355186629	29.87317012349125	0.0
402.0	29.752439325023822	20.26561451243721	20.124949643875794	29.856996518663177	0.0
403.0	29.681838909646608	20.275044042679706	20.164015667073734	29.879101380599955	0.0
404.0	29.723164157368316	20.244074906642012	20.183537190584786	29.849223745404885	0.0
405.0	29.72491580387227	20.213621220667825	20.202640320946067	29.85882265451384	0.0
406.0	29.778737328107667	20.226499939083144	20.145156160750876	29.849606572058306	0.0
407.0	29.753520346778444	20.257555399299633	20.107558152413656	29.88136610150826	0.0
408.0	29.73857744854514	20.226700279787618	20.193615627221565	29.84110664444568	0.0
409.0	29.77118042282367	20.22552852958525	20.16753963813666	29.83575140945442	0.0
410.0	29.823106863706844	20.235736210879402	20.138524097338692	29.80263282807506	0.0
411.0	29.813971901013698	20.23820976078711	20.105809473962015	29.842008864237172	0.0
412.0	29.73794399337242	20.25835362260872	20.124165935155748	29.879536448863114	0.0
413.0	29.70736837541832	20.275187741277385	20.126127582901166	29.89131630040313	0.0
414.0	29.73609147419678	20.270553784189854	20.139563083754304	29.853791657859063	0.0
415.0	29.73440705686793	20.27189801261362	20.12581342911765	29.8678815014008	0.0
416.0	29.750234560537187	20.255208193243075	20.114598446600098	29.879958799619637	0.0
417.0	29.69047352336036	20.253248072421144	20.13380874898977	29.922469655228717	0.0
418.0	29.70827107449733	20.27218898586606	20.12811555239963	29.891424387236988	0.0
419.0	29.7755414246135	20.22310581482939	20.141781963793797	29.859570796763315	0.0
420.0	29.781224161221637	20.22355398562316	20.108957569739587	29.88626428341562	0.0
421.0	29.77449595069222	20.166196685274482	20.173031627588042	29.886275736445256	0.0
422.0	29.819744702933953	20.171585069488394	20.11551337873073	29.893156848846925	0.0
423.0	29.716476858581125	20.212144373861147	20.175865638626775	29.895513128930958	0.0
424.0	29.726758716949576	20.229455404933542	20.189885944709392	29.853899933407497	0.0
425.0	29.782615540127583	20.178250225890046	20.16026129359251	29.87887294038987	0.0
426.0	29.833301717041522	20.214106899349918	20.128877392758675	29.823713990849892	0.0
427.0	29.780737900414344	20.2342527436834	20.114090271997526	29.870919083904727	0.0
428.0	29.709760863202362	20.239026049536044	20.136283451860173	29.91492963540142	0.0
429.0	29.755212814329614	20.26116202164516	20.143215739334128	29.8404094246911	0.0
430.0	29.75171923014308	20.225807018107307	20.127511052165524	29.89496269958408	0.0
431.0	29.789821612264163	20.219560221404947	20.07799420509606	29.912623961234836	0.0
432.0	29.779548103830816	20.191531250118658	20.10196900871163	29.926951637338895	0.0
433.0	29.722614623243075	20.216087494361844	20.141239054147334	29.920058828247747	0.0
434.0	29.752156333400254	20.23867552187627	20.165219618595685	29.84394852612779	0.0
435.0	29.7808720976315	20.220243262394856	20.10123988483156	29.89764475514209	0.0
436.0	29.78171668827762	20.2144547236234	20.112981318388552	29.890847269710424	0.0
437.0	29.750949786533358	20.255504996603328	20.103564464140675	29.88998075272264	0.0
438.0	29.736285391186478	20.2672109330851	20.100526442020186	29.895977233708237	0.0
439.0	29.750912796618362	20.257226791061292	20.138558089049464	29.853302323270885	0.0
440.0	29.776450980345626	20.24004170236126	20.10700863868527	29.876498678607845	0.0
441.0	29.76238012219547	20.224726389095434	20.06267975738093	29.950213731328173	0.0
442.0	29.734741728704122	20.234859826228156	20.073067009310325	29.9573314357574	0.0
443.0	29.72460956718982	20.269457885399635	20.08516923263844	29.92076331477211	0.0
444.0	29.739906746933553	20.274513259524205	20.063821382393733	29.92175861114851	0.0
445.0	29.77246591940446	20.20605845262524	20.100523340883157	29.920952287087143	0.0
446.0	29.810828606078708	20.22073212673778	20.07645449100527	29.891984776178244	0.0
447.0	29.792509799616084	20.236899331547377	20.08882538443066	29.881765484405882	0.0
448.0	29.756663137798604	20.26092846986551	20.13734426206686	29.845064130269016	0.0
449.0	29.78057695879304	20.171710687219257	20.156333894090597	29.8913784598971	0.0
450.0	29.79343603262525	20.193718382380162	20.155260725826174	29.857584859168412	0.0
451.0	29.800495597083117	20.184048633311313	20.152551768127385	29.862904001478185	0.0
452.0	29.752314522225948	20.192024308989172	20.133128037456956	29.922533131327928	0.0
453.0	29.717000607942552	20.198309815306008	20.16216230753034	29.9225272692211	0.0
454.0	29.757812617409744	20.202456913837167	20.1504110280328	29.889319440720293	0.0
455.0	29.750871687283798	20.205000157402814	20.172238225280918	29.871889930032474	0.0
456.0	29.773465854882797	20.19346387114094	20.130677017559595	29.90239325641667	0.0
457.0	29.725173786303788	20.223658856018425	20.13228687953152	29.918880478146264	0.0
458.0	29.72918674713566	20.242077716140987	20.151671114228545	29.877064422494808	0.0
459.0	29.759177658976206	20.208242867752965	20.153477081657496	29.879102391613337	0.0
460.0	29.784574420543773	20.185408907745913	20.14935726356789	29.880659408142417	0.0
461.0	29.815631454635223	20.173318992907248	20.11907573538845	29.891973817069083	0.0
462.0	29.81182301995919	20.198119163515145	20.098175304818486	29.89188251170718	0.0
463.0	29.70117885197579	20.21001415153884	20.166148494030125	29.922658502455242	0.0
464.0	29.71529658016741	20.2113042339308	20.16376876978535	29.909630416116435	0.0
465.0	29.760672030483338	20.221278792866006	20.125923458203264	29.8921257184474	0.0
466.0	29.77407121382148	20.164663019299745	20.129877731056414	29.93138803582236	0.0
467.0	29.75683262639809	20.197245847368425	20.133512526943107	29.912408999290374	0.0
468.0	29.70067613345248	20.233827046951593	20.146555955607376	29.918940863988553	0.0
469.0	29.719669602524252	20.218772773671212	20.17319972621371	29.88835789759083	0.0
470.0	29.776040983672686	20.185844491790785	20.149272264885425	29.888842259651106	0.0
471.0	29.804394940719913	20.199314464036885	20.114132610666413	29.882157984576786	0.0
472.0	29.77858380636543	20.22294265640905	20.134676726029987	29.863796811195538	0.0
473.0	29.7194102718391	20.22763036261031	20.19404830375012	29.85891106180048	0.0
