# Position (bp)	A	C	G	T	N
0.0	22.99138866834651	31.22280515458434	22.949839140876342	22.835967036192812	0.0
1.0	28.06435210640489	31.767091796616626	21.04512272549363	19.123433371484854	0.0
2.0	30.509112324726452	24.09644416563859	14.614749070855371	30.779694438779586	0.0
3.0	30.796073156204162	20.350859506905145	20.73794158523578	28.11512575165491	0.0
4.0	33.78784383355887	17.117733905526855	22.563863890173735	26.530558370740543	0.0
5.0	33.30127638861174	17.552682882296693	21.90623324610109	27.239807482990475	0.0
6.0	31.97995077143967	18.028242569325084	18.19909418383192	31.792712475403324	0.0
7.0	30.037026357162638	18.63764523089153	17.099870039938438	34.225458372007395	0.0
8.0	28.598711068186383	19.650057557197346	18.484500574052813	33.26673080056345	0.0
9.0	28.500263376009862	20.247505138488723	19.797982251341168	31.454249234160248	0.0
10.0	28.878024821528296	20.402332908863517	20.36133348630682	30.358308783301364	0.0
11.0	29.21922082431606	20.30532302398073	20.709039030808647	29.766417120894562	0.0
12.0	29.591928566326597	20.198231512990258	20.447716599492505	29.762123321190643	0.0
13.0	29.901594249670833	20.205754723127527	20.333558334356066	29.559092692845574	0.0
14.0	30.11563099108978	20.076576138219494	20.089034007711764	29.718758862978962	0.0
15.0	29.829748493382997	20.180926531601102	19.849546500711668	30.13977847430423	0.0
16.0	30.013988940921937	20.126912788518357	19.852697000826318	30.006401269733384	0.0
17.0	30.05542133894641	20.13234003584028	20.027652972410777	29.784585652802537	0.0
18.0	29.708366990182196	20.268058243007523	20.144122866426866	29.87945190038342	0.0
19.0	29.858473102363835	20.119403865593316	20.43905331575088	29.583069716291966	0.0
20.0	29.56535383353136	20.344782932129483	20.348847431000404	29.74101580333875	0.0
21.0	29.38235823898791	20.357933927363458	20.12257990497761	30.13712792867102	0.0
22.0	29.505644646184432	20.43140819465809	19.83680226163795	30.22614489751953	0.0
23.0	29.626796229135117	20.26583860554709	19.736787660705293	30.370577504612502	0.0
24.0	29.69875731987013	20.137319526322063	19.867694038070976	30.29622911573683	0.0
25.0	29.82426019577012	20.08042346030532	19.9126258977519	30.18269044617266	0.0
26.0	29.915937884719725	20.143048931958088	19.87433645732752	30.066676725994668	0.0
27.0	29.867095720688404	20.167798591840775	20.07300992901802	29.892095758452808	0.0
28.0	29.582598444849474	20.365274975730273	20.143383020668253	29.908743558752	0.0
29.0	29.684552537358005	20.521687850722394	20.0609386500207	29.732820961898902	0.0
30.0	29.85926323271773	20.503110727243147	19.978131857387847	29.659494182651276	0.0
31.0	29.693100648017946	20.58095336410901	19.633922796843724	30.09202319102932	0.0
32.0	29.89730115496573	20.332933412185355	19.656344574778398	30.113420858070512	0.0
33.0	29.897652212239773	20.267726144761628	19.745307896198618	30.089313746799977	0.0
34.0	29.760336869748794	20.24967149728378	19.8483935203134	30.141598112654027	0.0
35.0	29.978427330512314	20.045039266936694	19.956417020300492	30.0201163822505	0.0
36.0	30.042763916097314	20.146459622314946	19.831275678249064	29.97950078333867	0.0
37.0	29.761187403471506	20.193802901479785	19.950450672184385	30.09455902286432	0.0
38.0	29.720835186172106	20.220779176694627	20.0105833396509	30.047802297482363	0.0
39.0	29.744907185406866	20.22106623407308	20.158556888313054	29.875469692206995	0.0
40.0	29.601245328227932	20.429620137934883	20.280006531336273	29.689128002500915	0.0
41.0	29.735520739440148	20.617704611188167	19.76054090772062	29.88623374165107	0.0
42.0	29.761526381968757	20.404556825529685	19.6253042188151	30.208612573686462	0.0
43.0	29.8879660275084	20.17693503371726	19.83216581797015	30.10293312080419	0.0
44.0	30.018971290490697	20.040053643609276	19.864458470026207	30.076516595873816	0.0
45.0	30.081925223914745	19.916717774124763	19.944536314314824	30.056820687645665	0.0
46.0	30.152287860938554	19.918355900954374	19.836225578337498	30.093130659769578	0.0
47.0	29.880160057950718	20.028500476201426	19.933637082127127	30.157702383720732	0.0
48.0	29.666831670201965	20.18341207588454	20.095678182431097	30.054078071482394	0.0
49.0	29.719406332769516	20.226564138373625	20.267620927695017	29.78640860116184	0.0
50.0	29.66626190155447	20.513866423744798	20.05799225827845	29.761879416422282	0.0
51.0	29.840521033702533	20.374516523452733	19.71280598201552	30.072156460829213	0.0
52.0	29.835292255929048	20.18258577782634	19.81389136409963	30.168230602144984	0.0
53.0	29.781653251974245	20.073116933783155	19.95276239935213	30.192467414890466	0.0
54.0	29.81688755943007	20.096802266442634	19.958728591987583	30.127581582139705	0.0
55.0	30.114380269897882	19.905821103418788	19.92640861021144	30.053390016471887	0.0
56.0	30.086711440643967	19.922423415064866	19.853243363480242	30.137621780810925	0.0
57.0	29.988345651259245	19.998866205891737	20.036722122131096	29.976066020717923	0.0
58.0	29.870416521417987	20.105486793528794	20.019024987292504	30.00507169776071	0.0
59.0	29.826706592893164	20.1725872093078	20.166862299150285	29.833843898648755	0.0
60.0	29.683348937968372	20.35284427427902	20.08143284445506	29.88237394329755	0.0
61.0	29.69345152686734	20.313082559976138	20.045825226922997	29.94764068623353	0.0
62.0	29.776667929493588	20.216553476703105	19.90123588828576	30.10554270551755	0.0
63.0	29.653130606238165	20.173683235399114	19.935594632170524	30.237591526192194	0.0
64.0	29.889527051516072	20.014252751939043	19.959425785431126	30.13679441111376	0.0
65.0	29.99193632046565	19.97970053870199	19.948748661152436	30.079614479679922	0.0
66.0	29.908138429817416	19.989728312355695	19.92970972692673	30.17242353090016	0.0
67.0	29.932364927053257	19.97423138924778	20.063672264235944	30.02973141946302	0.0
68.0	29.833957727677724	20.045759844399964	20.18190234674509	29.938380081177225	0.0
69.0	29.84145939953696	20.016275537355334	20.202467232915815	29.939797830191893	0.0
70.0	29.753829629555728	20.086536197267595	20.085124421666126	30.074509751510554	0.0
71.0	29.777695123342298	20.048398020258954	19.94662138073649	30.227285475662264	0.0
72.0	29.766053989915314	20.11778331115736	20.027172076832453	30.088990622094876	0.0
73.0	29.760862613404065	20.095705397225018	19.97223399111345	30.17119799825747	0.0
74.0	29.898064428701566	19.957558213944242	19.979579007596232	30.16479834975796	0.0
75.0	29.980840712544815	19.981273584461782	19.849322931860314	30.188562771133086	0.0
76.0	30.01972140109837	19.929700046127643	19.92843911104453	30.122139441729463	0.0
77.0	29.899646291994003	19.973935323846543	20.064512425887397	30.06190595827205	0.0
78.0	29.84882198805089	20.0210279969318	20.177505350151716	29.95264466486559	0.0
79.0	29.849302609866303	20.07532140879224	20.210924784537227	29.864451196804232	0.0
80.0	29.82056911390652	20.068360358142943	20.13997991415815	29.971090613792388	0.0
81.0	29.817596166764705	20.064195852672437	20.126856243515213	29.991351737047644	0.0
82.0	29.75936434116987	20.207773039631398	20.11043646412894	29.922426155069793	0.0
83.0	29.647705951107756	20.207695323995225	20.055739656816517	30.088859068080502	0.0
84.0	29.733016787252964	20.105906715239858	20.139849245493675	30.021227252013503	0.0
85.0	29.919757788898018	20.00700654163389	20.074268588736892	29.998967080731205	0.0
86.0	29.970574844125693	20.00483520783868	20.100184753855938	29.924405194179688	0.0
87.0	30.05573126329527	19.975659079616708	20.062615126928172	29.905994530159845	0.0
88.0	29.855448668624973	20.05729677948303	20.195271096769776	29.89198345512223	0.0
89.0	29.84100509402251	20.10592511685324	20.159389966442433	29.89367982268181	0.0
90.0	29.63070887086549	20.304841824551158	20.139222537466566	29.925226767116786	0.0
91.0	29.617633581065878	20.34884464633589	20.100290672519748	29.933231100078483	0.0
92.0	29.68224972738438	20.24622217858115	20.04349811036037	30.0280299836741	0.0
93.0	29.627697044995188	20.259939600111736	20.097794773933057	30.01456858096002	0.0
94.0	29.668155587912597	20.183933532178024	20.12137212992984	30.026538749979544	0.0
95.0	29.773771401432324	20.156323914587066	20.07331856804962	29.996586115930988	0.0
96.0	29.94258618889849	20.150225752421864	20.017341698226236	29.889846360453404	0.0
97.0	30.091402706251376	20.016603969191248	19.984441772411643	29.907551552145733	0.0
98.0	29.885303919317213	20.164283050284176	20.12546359067588	29.824949439722726	0.0
99.0	29.90565441575852	20.240197192126157	20.12500169266856	29.729146699446762	0.0
100.0	29.778771705361702	20.331314906387355	20.116783774548036	29.77312961370291	0.0
101.0	29.839441009324663	20.23935841098242	20.075854315481283	29.845346264211635	0.0
102.0	29.669377378737288	20.23484312510837	19.959164422157954	30.13661507399639	0.0
103.0	29.571201694018	20.261136033895404	19.893747760945626	30.27391451114097	0.0
104.0	29.572761086320536	20.207771956709504	19.928099913176048	30.291367043793908	0.0
105.0	29.69959268717397	20.186224326692717	20.003704553403864	30.110478432729447	0.0
106.0	29.926685290573563	20.07771494591094	20.041892507864013	29.953707255651484	0.0
107.0	30.12154741428509	19.946024892408	19.991944350580958	29.940483342725948	0.0
108.0	30.019262438883498	20.02003714845203	20.07569589415211	29.885004518512364	0.0
109.0	29.861638124578338	20.063073640317793	20.27731793371777	29.7979703013861	0.0
110.0	29.762568682171008	20.22229501020808	20.254410306377668	29.760726001243242	0.0
111.0	29.715743714322247	20.280006919322208	20.094952655289898	29.909296711065654	0.0
112.0	29.681209504864114	20.260785854764656	20.10049750495437	29.95750713541686	0.0
113.0	29.649288625471854	20.27212935921485	19.95988829489906	30.118693720414235	0.0
114.0	29.77530994600422	20.121103665542407	19.944238767424448	30.15934762102893	0.0
115.0	29.897556725650638	20.059125607321587	19.955738519220144	30.087579147807624	0.0
116.0	30.039701437369885	19.982210778027472	19.954855760092542	30.023232024510094	0.0
117.0	30.040834359519085	19.949953469134527	20.05630704731108	29.952905124035308	0.0
118.0	29.914794721115424	20.058528104281244	20.13835282828811	29.88832434631522	0.0
119.0	29.81055997304886	20.144884923756255	20.184288930632405	29.860266172562476	0.0
120.0	29.75776042314849	20.239570083780727	20.209171701418327	29.793497791652456	0.0
121.0	29.814748043879657	20.259244456860078	20.148876069704848	29.777131429555414	0.0
122.0	29.73134792991221	20.33137345835377	20.038303941474826	29.8989746702592	0.0
123.0	29.59409118243461	20.351215297718287	19.947955154133464	30.106738365713635	0.0
124.0	29.650236336960393	20.291518280515852	19.95965964470035	30.09858573782341	0.0
125.0	29.755985325885497	20.1847836139556	19.939099717961657	30.120131342197254	0.0
126.0	29.857973935415426	20.12806913763485	19.846768919718816	30.167188007230912	0.0
127.0	29.835742944333806	20.05434195204337	19.904022827003306	30.205892276619522	0.0
128.0	29.830010458465754	20.015105001943574	19.987492697494705	30.167391842095963	0.0
129.0	29.818903050248778	20.09372223430408	20.03032223103352	30.057052484413617	0.0
130.0	29.7428899552468	20.154728407661988	20.07289076347342	30.029490873617792	0.0
131.0	29.754830003063688	20.2357345984035	19.97904288971297	30.03039250881984	0.0
132.0	29.655792011051645	20.319445162321035	19.931998552760795	30.092764273866525	0.0
133.0	29.53383749192752	20.39256106701791	19.99861668384535	30.074984757209222	0.0
134.0	29.68657376761404	20.275479484134724	19.9921663176468	30.045780430604434	0.0
135.0	29.756600888795333	20.252974945895126	19.9585203784851	30.031903786824444	0.0
136.0	29.917801247264958	20.06477643615708	19.98538931077917	30.03203300579879	0.0
137.0	29.959645499849273	19.994966963887684	20.006656838651914	30.038730697611133	0.0
138.0	29.76461441225771	20.063019070542005	20.09397231197785	30.078394205222438	0.0
139.0	29.76900127325092	20.094549452408135	20.13976630442443	29.99668296991651	0.0
140.0	29.745094346927125	20.166954012943926	20.121982159348075	29.965969480780874	0.0
141.0	29.75756450463507	20.170082959230005	20.085609024184166	29.98674351195076	0.0
142.0	29.67585944707259	20.220095274767672	20.095688205063443	30.008357073096292	0.0
143.0	29.678619758334808	20.199371247295552	20.150436103462123	29.971572890907517	0.0
144.0	29.781975078033827	20.155804570593133	20.12579372760227	29.936426623770767	0.0
145.0	29.963017946067836	19.99276519778258	20.11975946631589	29.92445738983369	0.0
146.0	30.05918164936667	19.875818882430075	20.0623235722009	30.002675896002355	0.0
147.0	30.015292266825817	19.849223285135196	20.095951551813688	30.039532896225303	0.0
148.0	29.939805153147915	19.949986075925104	20.154562868607467	29.955645902319517	0.0
149.0	29.921353499989102	19.989371993021894	20.180604714054752	29.908669792934255	0.0
150.0	29.855513139371364	20.10344863871107	20.15899304529913	29.882045176618437	0.0
151.0	29.85095267998438	20.08989589123052	20.179825604751958	29.879325824033142	0.0
152.0	29.832110960729814	20.115531168857277	20.125113983826086	29.92724388658682	0.0
153.0	29.764333539141894	20.131459435733802	20.143296872774606	29.960910152349697	0.0
154.0	29.816945139909905	20.05003593455683	20.186089333778014	29.94692959175525	0.0
155.0	29.878201613682066	20.050756843267813	20.145566583080278	29.92547495996985	0.0
156.0	29.983764528736373	19.990879877616752	20.007639558634178	30.017716035012704	0.0
157.0	29.971862222591312	20.02982874960873	20.071877591649752	29.926431436150203	0.0
158.0	29.895681911653444	20.09686854094649	20.08704227791941	29.92040726948066	0.0
159.0	29.81312277690392	20.1266990973469	20.21421383657252	29.845964289176656	0.0
160.0	29.864036271022638	20.15882851150078	20.223120447240404	29.754014770236175	0.0
161.0	29.894932391049	20.128739947710432	20.238459359103366	29.737868302137198	0.0
162.0	29.856833349991398	20.182394507498756	20.205446509960645	29.7553256325492	0.0
163.0	29.815540970104504	20.184271159132546	20.178465952557374	29.82172191820558	0.0
164.0	29.809253780469387	20.203934558784297	20.17162124893197	29.815190411814346	0.0
165.0	29.836545893057288	20.1987727885339	20.153722682972376	29.810958635436435	0.0
166.0	29.835464042948463	20.202643944775073	20.155903657145714	29.80598835513075	0.0
167.0	29.894961602269056	20.20472653064445	20.027348720229053	29.872963146857444	0.0
168.0	29.764337304221044	20.254138566967473	20.069943430207516	29.911580698603967	0.0
169.0	29.809128505987452	20.220036199928053	20.143165361534336	29.82766993255016	0.0
170.0	29.86821107643119	20.167208781795452	20.158774140403903	29.805806001369454	0.0
171.0	29.91368586599481	20.189482329346994	20.152588240553968	29.744243564104227	0.0
172.0	29.925216966600292	20.207780741631286	20.12602847804035	29.74097381372807	0.0
173.0	29.899663151915256	20.174236043120764	20.16563262895541	29.76046817600857	0.0
174.0	29.898271909202677	20.13872439304556	20.28479357115284	29.678210126598927	0.0
175.0	29.927293178339653	20.16660993783873	20.278001311901107	29.62809557192051	0.0
176.0	29.94672044462995	20.124734719884106	20.169741705734708	29.758803129751232	0.0
177.0	29.877295589072837	20.149171025800158	20.157079077511682	29.81645430761532	0.0
178.0	29.812983364548796	20.15486824984865	20.22185109709301	29.810297288509545	0.0
179.0	29.826027175975145	20.159922762227122	20.1764898137052	29.837560248092537	0.0
180.0	29.874574676199806	20.158117615237746	20.110426878116265	29.856880830446187	0.0
181.0	29.86355943823454	20.13403632279162	20.0773864419705	29.92501779700334	0.0
182.0	29.856150984647776	20.140421131915286	20.03410978806289	29.96931809537405	0.0
183.0	29.794432230441757	20.125825619102805	20.138917193444446	29.940824957010985	0.0
184.0	29.825029319553458	20.141819487717342	20.220255397540086	29.812895795189114	0.0
185.0	29.904095255249818	20.16249769680983	20.19350741725842	29.739899630681933	0.0
186.0	29.91191726680389	20.186135041158305	20.16998237669178	29.731965315346027	0.0
187.0	29.90491820644304	20.17385333317807	20.175224416247296	29.746004044131595	0.0
188.0	29.78058810846222	20.236728643861642	20.170955035794215	29.81172821188192	0.0
189.0	29.84531139247543	20.195801421913636	20.15748705857252	29.80140012703841	0.0
190.0	29.85024169650702	20.15573075583826	20.13204754072067	29.861980006934054	0.0
191.0	29.8263782267084	20.165236017244794	20.076626841368352	29.931758914678454	0.0
192.0	29.822286285759898	20.153871435748393	20.035908969260458	29.987933309231252	0.0
193.0	29.754632854508472	20.192377577947624	20.090980918309302	29.962008649234605	0.0
194.0	29.798852328631032	20.14798969706246	20.140045580075476	29.913112394231028	0.0
195.0	29.837348110125816	20.140829252700502	20.14591869734256	29.875903939831122	0.0
196.0	29.904443610612503	20.144159026024195	20.120984507627874	29.83041285573543	0.0
197.0	29.939461455599307	20.146362203636066	20.095487741301575	29.81868859946305	0.0
198.0	29.849470660901094	20.233948088073074	20.099430190976726	29.817151060049106	0.0
199.0	29.8646721479874	20.189018053353674	20.15658609192799	29.789723706730936	0.0
200.0	29.89398792951208	20.19804869584421	20.091307994247572	29.81665538039614	0.0
201.0	29.903934234499168	20.219612694742747	20.041325030018204	29.83512804073988	0.0
202.0	29.917218984536355	20.169670847719512	20.006707812423123	29.90640235532101	0.0
203.0	29.856995069294097	20.17095692725965	20.0315067919502	29.940541211496054	0.0
204.0	29.817120529041237	20.170035018034813	20.093944779368353	29.9188996735556	0.0
205.0	29.798431899666816	20.173823168923725	20.114202081123363	29.913542850286095	0.0
206.0	29.79468974368845	20.16684333720475	20.063244609983748	29.975222309123055	0.0
207.0	29.773814640785474	20.203454719269555	20.08838378859397	29.934346851351002	0.0
208.0	29.733925282309	20.257915796553874	20.09332904450114	29.914829876635984	0.0
209.0	29.772123746742572	20.207690438608648	20.136936811076925	29.883249003571855	0.0
210.0	29.829911611571614	20.186499734113667	20.09730763799801	29.88628101631671	0.0
211.0	29.885048622297816	20.19200310647935	20.03831274458314	29.88463552663969	0.0
212.0	29.91999897853458	20.166036950760486	19.973535783773798	29.940428286931137	0.0
213.0	29.79973059072134	20.162490522418917	20.021683428700612	30.016095458159132	0.0
214.0	29.846603908741574	20.17116821934167	20.04328024852814	29.938947623388607	0.0
215.0	29.809681532011094	20.160407524864763	20.0081677716629	30.02174317146124	0.0
216.0	29.820575557426093	20.174889966189514	20.004006862362026	30.000527614022367	0.0
217.0	29.82297729578344	20.202379792287804	19.99405925015495	29.980583661773807	0.0
218.0	29.749268820422447	20.228566257158537	20.03091260336355	29.991252319055466	0.0
219.0	29.76668183743545	20.23975822901552	20.04871544143933	29.944844492109695	0.0
220.0	29.82449914768316	20.192351923209433	20.026375915754784	29.956773013352624	0.0
221.0	29.831332748040406	20.165982364608453	19.971356194804912	30.03132869254623	0.0
222.0	29.836493281628616	20.15849370895481	19.952622367184354	30.05239064223222	0.0
223.0	29.761202481475486	20.19045147878801	20.00450228362284	30.043843756113663	0.0
224.0	29.853919517738774	20.122780752357855	19.994134701352287	30.029165028551084	0.0
225.0	29.88798763566439	20.181019160251783	19.98623055798533	29.944762646098493	0.0
226.0	29.881656027086528	20.1667637314793	19.93898997772954	30.01259026370463	0.0
227.0	29.854554398006904	20.19382733896692	19.960761416268806	29.990856846757374	0.0
228.0	29.753462391172807	20.217690998261695	20.060719627654372	29.96812698291113	0.0
229.0	29.8179473122963	20.190989171084844	20.042917649179195	29.948145867439656	0.0
230.0	29.844313540180593	20.16970118870809	20.060117836366164	29.92586743474515	0.0
231.0	29.85649132641845	20.183524991753615	19.99869709946932	29.961286582358614	0.0
232.0	29.869885813335223	20.146250095510688	20.0597976694078	29.924066421746286	0.0
233.0	29.794832110616365	20.129154055579274	20.046776010942686	30.02923782286167	0.0
234.0	29.788250197917627	20.096979167820443	20.090446055736834	30.024324578525096	0.0
235.0	29.785520493148177	20.1424093763634	20.085132489642852	29.986937640845575	0.0
236.0	29.857920354073674	20.096733480375935	20.010396483743246	30.03494968180715	0.0
237.0	29.853775129231757	20.089155645798353	20.043969585106737	30.013099639863157	0.0
238.0	29.80735385965278	20.1604417714787	20.044258245435397	29.987946123433122	0.0
239.0	29.86912420388443	20.121104742874873	20.07239026994576	29.937380783294937	0.0
240.0	29.877437881229124	20.149096688894883	20.06905183073516	29.904413599140835	0.0
241.0	29.924536094085845	20.13194920265438	20.001820895242204	29.941693808017572	0.0
242.0	29.83223651668277	20.149057185705573	19.989607821015742	30.029098476595916	0.0
243.0	29.76017462323962	20.189141386931713	20.03228382433605	30.018400165492615	0.0
244.0	29.80142258811021	20.127714563319664	20.053303879417147	30.01755896915298	0.0
245.0	29.805576548297637	20.12476258804281	20.062835563194287	30.006825300465266	0.0
246.0	29.853810758337335	20.175294188978114	19.966876110910782	30.004018941773776	0.0
247.0	29.78943386947059	20.16742048746974	19.99297956471424	30.05016607834543	0.0
248.0	29.76335527230878	20.201796276687503	19.979978799978152	30.054869651025566	0.0
249.0	29.75552555126932	20.156617118298335	20.06944492675302	30.018412403679328	0.0
250.0	29.809423913161815	20.184175247108076	20.032432172685272	29.973968667044836	0.0
251.0	29.90089840152778	20.09405228981455	20.000499299666522	30.00455000899115	0.0
252.0	29.89514801473859	20.124898873958003	19.9960018845577	29.983951226745702	0.0
253.0	29.826797045179177	20.124803733037513	20.06214846745183	29.986250754331483	0.0
254.0	29.8434250711717	20.10246998231289	20.085070056755292	29.969034889760117	0.0
255.0	29.91624825204358	20.11857010126416	20.050190984768143	29.91499066192411	0.0
256.0	29.904889432463648	20.109525809853192	20.03264451749669	29.952940240186464	0.0
257.0	29.917372000929475	20.133324974557667	20.027144748592928	29.92215827591993	0.0
258.0	29.810491139635854	20.15469130435762	20.03148783393884	30.003329722067683	0.0
259.0	29.823727318371006	20.150380314668745	20.07712340401571	29.948768962944538	0.0
260.0	29.841946307654105	20.1741858336338	20.02855548546296	29.95531237324914	0.0
261.0	29.850423552495524	20.15836976255797	19.99453444323676	29.996672241709742	0.0
262.0	29.80981067028732	20.152238551609116	20.004508297181246	30.033442480922318	0.0
263.0	29.807501913006394	20.17991362989609	20.001216215987945	30.011368241109565	0.0
264.0	29.83024367831452	20.168864813367897	20.01847205234036	29.982419455977226	0.0
265.0	29.886904978635854	20.105043349525513	20.062889375284108	29.94516229655452	0.0
266.0	29.90676832844575	20.107936656891496	20.009759530791786	29.975535483870967	0.0
267.0	29.89197775893451	20.12358107730208	20.024653905042676	29.959787258720738	0.0
268.0	29.83437940228242	20.159858804151945	20.059956435585587	29.94580535798005	0.0
269.0	29.826086874921998	20.173809901402624	20.054652244129624	29.945450979545758	0.0
270.0	29.84999835781749	20.17840670761175	20.040219395582998	29.93137553898776	0.0
271.0	29.786521269611764	20.17188952736573	20.01394064079653	30.027648562225966	0.0
272.0	29.826342015638247	20.134011542416438	19.996482961789088	30.043163480156228	0.0
273.0	29.726350068698217	20.19635622629555	19.99479391191727	30.082499793088964	0.0
274.0	29.755268962418697	20.20532912095347	20.034959700068743	30.00444221655909	0.0
275.0	29.83203930449555	20.167050486924058	20.07719319449243	29.923717014087963	0.0
276.0	29.8751855364083	20.139405896890832	20.00976265415075	29.975645912550114	0.0
277.0	29.85924210346943	20.126466849744702	20.065361599140925	29.94892944764494	0.0
278.0	29.818260024730947	20.122052034072325	20.10823963831041	29.951448302886323	0.0
279.0	29.82545990250677	20.087415491008382	20.158578982185666	29.92854562429918	0.0
280.0	29.799925459040566	20.146420814117892	20.149066905578074	29.904586821263468	0.0
281.0	29.86615016388742	20.08396860898185	20.099075602149735	29.950805624980998	0.0
282.0	29.826888099368475	20.113941657727636	20.04139102053562	30.01777922236827	0.0
283.0	29.764272206647323	20.133048562593984	20.1240595556428	29.978619675115898	0.0
284.0	29.750621438434337	20.12993252096264	20.13462403866111	29.984822001941914	0.0
285.0	29.822918889258577	20.121730948481655	20.10356551126604	29.951784650993723	0.0
286.0	29.83379712954899	20.11665183231876	20.065721509466677	29.983829528665574	0.0
287.0	29.836385759398414	20.142896926105994	20.058376287982682	29.962341026512906	0.0
288.0	29.805064056011243	20.150367897495368	20.087616088032682	29.956951958460703	0.0
289.0	29.787748692710743	20.14843029585852	20.15608656538623	29.907734446044504	0.0
290.0	29.861617772013105	20.15793558576005	20.0710526236778	29.909394018549047	0.0
291.0	29.818108190826614	20.19370442782734	20.084773131105806	29.90341425024024	0.0
292.0	29.829824157133434	20.151992578075447	20.032028066404006	29.98615519838711	0.0
293.0	29.744319168040413	20.18614758012837	20.118969320364304	29.950563931466917	0.0
294.0	29.75525333060119	20.146503856248557	20.117812563858767	29.98043024929149	0.0
295.0	29.783482718360904	20.17722419688425	20.11824704054018	29.921046044214666	0.0
296.0	29.752246627127356	20.140598673987576	20.062650925249535	30.044503773635533	0.0
297.0	29.751626780414007	20.11987454866906	20.03868095213612	30.089817718780807	0.0
298.0	29.68366122469276	20.172556952144344	20.104667537957933	30.039114285204967	0.0
299.0	29.795182502104883	20.14504395621098	20.122132798026602	29.93764074365754	0.0
300.0	29.803776017869453	20.137567320996798	20.117283299664233	29.941373361469516	0.0
301.0	29.815093807857657	20.170317173704642	20.061054338511386	29.95353467992632	0.0
302.0	29.803444819429753	20.180230622843798	20.026160572853126	29.990163984873323	0.0
303.0	29.743524118625093	20.202276829281335	20.08498471412228	29.96921433797129	0.0
304.0	29.768487211106248	20.203404917714114	20.1340358925131	29.89407197866654	0.0
305.0	29.837033523401157	20.184647680899207	20.07600711586319	29.90231167983644	0.0
306.0	29.841858297288837	20.158029122300604	20.080273585408378	29.91983899500218	0.0
307.0	29.78487745814998	20.174528249668313	20.06913507232389	29.97145921985782	0.0
308.0	29.755959079840544	20.197939882144958	20.08076406513212	29.965336972882383	0.0
309.0	29.75073114872767	20.1939085042912	20.099943204280525	29.955417142700608	0.0
310.0	29.771216089287527	20.210396239308416	20.108006930275828	29.91038074112823	0.0
311.0	29.746265315821656	20.179312122762607	20.081501757790914	29.992920803624816	0.0
312.0	29.72640822826076	20.201008343951447	20.08841350094911	29.984169926838682	0.0
313.0	29.73177789177078	20.21504900218809	20.08202242426585	29.97115068177528	0.0
314.0	29.72874191221238	20.22404238812187	20.14717263984825	29.9000430598175	0.0
315.0	29.785240845347627	20.226326125537565	20.10620974661298	29.88222328250183	0.0
316.0	29.797767633252587	20.199296078939426	20.069911793163758	29.93302449464423	0.0
317.0	29.813865036015713	20.18562838749574	20.05269896448261	29.94780761200594	0.0
318.0	29.725324207492797	20.19752641690682	20.067205511527376	30.00994386407301	0.0
319.0	29.75590408472568	20.17595273805365	20.12094288243388	29.947200294786786	0.0
320.0	29.790267466344616	20.156739829556553	20.095839026757893	29.95715367734094	0.0
321.0	29.815863557607248	20.137410495092414	20.10703534605437	29.93969060124596	0.0
322.0	29.753677132072443	20.167270883860656	20.0762583824465	30.002793601620404	0.0
323.0	29.700481514731088	20.189022439730923	20.117165770334452	29.99333027520354	0.0
324.0	29.752731759098637	20.192972640946234	20.10601337840581	29.94828222154931	0.0
325.0	29.803882133036254	20.186540205260265	20.08594192503683	29.923635736666647	0.0
326.0	29.819449463072466	20.162558520954978	20.099389472175414	29.918602543797146	0.0
327.0	29.771035187660267	20.174069690913825	20.12583477731642	29.929060344109487	0.0
328.0	29.741791568405628	20.17460916027384	20.16263960571762	29.920959665602915	0.0
329.0	29.760124482596694	20.156511275419433	20.19367669983038	29.88968754215349	0.0
330.0	29.846133064928416	20.181454733403935	20.161268081921033	29.81114411974662	0.0
331.0	29.822613579313973	20.17301517142426	20.122905271088744	29.881465978173022	0.0
332.0	29.82121707912791	20.134198347228374	20.137256325559502	29.907328248084212	0.0
333.0	29.741600554710086	20.190036230252712	20.158030839239135	29.91033237579807	0.0
334.0	29.80282669907457	20.158367488139227	20.169980153411	29.868825659375204	0.0
335.0	29.837040616778303	20.140259432298617	20.14768850714617	29.875011443776913	0.0
336.0	29.797472324944767	20.132270705263664	20.073720103736434	29.996536866055134	0.0
337.0	29.71291965663745	20.22232982187838	20.07444387059351	29.990306650890663	0.0
338.0	29.68749032687608	20.253143659749167	20.07287883986672	29.98648717350803	0.0
339.0	29.706759045205818	20.26340340202505	20.167615571506854	29.862221981262277	0.0
340.0	29.758038237308586	20.253283289744985	20.13275170512328	29.85592676782315	0.0
341.0	29.800107980785572	20.21366163294112	20.142337284999865	29.843893101273444	0.0
342.0	29.812049406042807	20.235684405685436	20.12104446720193	29.831221721069827	0.0
343.0	29.807901006952825	20.189594601920934	20.155039632224067	29.84746475890217	0.0
344.0	29.893120336888362	20.133536734983306	20.20142691309982	29.77191601502851	0.0
345.0	29.926866946992842	20.114168977966287	20.13369738842684	29.825266686614032	0.0
346.0	29.949233912691785	20.061402541193278	20.12803514119283	29.861328404922112	0.0
347.0	29.884320478010462	20.09735193580205	20.134982578475647	29.883345007711842	0.0
348.0	29.79971111277857	20.13007428528551	20.12469047797704	29.945524123958883	0.0
349.0	29.777882576987558	20.176130204138982	20.185003120527785	29.86098409834568	0.0
350.0	29.789463534763073	20.175739064893495	20.16230783112212	29.872489569221315	0.0
351.0	29.772854191596043	20.178289078396432	20.153021266793385	29.895835463214137	0.0
352.0	29.82193850169324	20.19787987456553	20.141022800793333	29.839158822947898	0.0
353.0	29.754578037911127	20.244568454237253	20.166552209075284	29.83430129877633	0.0
354.0	29.856418007935154	20.16454444142435	20.183865535688593	29.7951720149519	0.0
355.0	29.890328515486363	20.174087021376053	20.199035380149212	29.736549082988372	0.0
356.0	29.88004411144311	20.15267931622386	20.163652778640127	29.8036237936929	0.0
357.0	29.87233526909123	20.20263087749877	20.13613394526768	29.78889990814232	0.0
358.0	29.85396254205044	20.189424392498506	20.125685177800147	29.83092788765091	0.0
359.0	29.818610926712257	20.173220084195922	20.19627332780981	29.811895661282012	0.0
360.0	29.837140540306322	20.21330813306895	20.146624722082112	29.802926604542613	0.0
361.0	29.843260046965153	20.150821946407056	20.150202947298602	29.855715059329192	0.0
362.0	29.774214780602627	20.20613679765802	20.100269788305372	29.91937863343398	0.0
363.0	29.736470215736006	20.243740759650947	20.111201188166802	29.908587836446245	0.0
364.0	29.740178036511406	20.233824386177695	20.180459950788425	29.84553762652248	0.0
365.0	29.80887418746442	20.23652745434748	20.135539047193888	29.819059310994213	0.0
366.0	29.83809674580386	20.18765666816473	20.11107167964779	29.863174906383623	0.0
367.0	29.85791422333939	20.19347044289099	20.11015206822578	29.838463265543837	0.0
368.0	29.799198896348894	20.20013523665007	20.157257153146595	29.84340871385444	0.0
369.0	29.815189949394345	20.17755119649174	20.192087661448543	29.815171192665368	0.0
370.0	29.898918623780744	20.20048215803327	20.13352097469974	29.767078243486246	0.0
371.0	29.879181946953647	20.162513729750493	20.10560653986279	29.85269778343307	0.0
372.0	29.80657630073893	20.240914953142713	20.128357680416123	29.824151065702235	0.0
373.0	29.78985633239758	20.23155397977659	20.120179092619153	29.85841059520668	0.0
374.0	29.7971616320475	20.202810233729746	20.16593564577888	29.83409248844387	0.0
375.0	29.781012232300043	20.20572726273543	20.202238643324677	29.81102186163985	0.0
376.0	29.8072362146463	20.2042142636761	20.140781802273402	29.8477677194042	0.0
377.0	29.837105752783362	20.197536236233233	20.124276025567926	29.841081985415478	0.0
378.0	29.737575700399255	20.230849057966218	20.193562701940408	29.83801253969412	0.0
379.0	29.807625400596766	20.197616797390268	20.16496324928499	29.82979455272798	0.0
380.0	29.828322718928202	20.2134084356575	20.152734150226152	29.805534695188147	0.0
381.0	29.85813368143472	20.19575076240955	20.137927671434305	29.808187884721427	0.0
382.0	29.832261307380897	20.170992750109953	20.14499780093233	29.851748141576824	0.0
383.0	29.803681207118444	20.215993059053933	20.178107436872615	29.802218296955008	0.0
384.0	29.793520614929413	20.229510730206172	20.167731209948343	29.809237444916075	0.0
385.0	29.84555027975972	20.22087073324935	20.163105176262782	29.770473810728156	0.0
386.0	29.824961838346127	20.213307656543428	20.118163746925827	29.84356675818462	0.0
387.0	29.760526277292588	20.22520124937593	20.101719035953504	29.912553437377976	0.0
388.0	29.684874327827927	20.27202713894757	20.189037143508738	29.85406138971577	0.0
389.0	29.748339502080366	20.255570861508428	20.157145978467682	29.838943657943524	0.0
390.0	29.773698764142893	20.264710780628985	20.129527187506095	29.83206326772203	0.0
391.0	29.797454480802454	20.228820660625697	20.068919264611115	29.90480559396073	0.0
392.0	29.76679208396895	20.259126574952376	20.06430528054229	29.909776060536387	0.0
393.0	29.77580349085202	20.251577799999552	20.086858705787655	29.885760003360772	0.0
394.0	29.72892076357464	20.260417457860658	20.1657836238457	29.844878154719005	0.0
395.0	29.817576639247495	20.238376326878598	20.101564901408565	29.842482132465342	0.0
396.0	29.821311358581294	20.228480658942498	20.075391303369354	29.874816679106857	0.0
397.0	29.790065083537375	20.257626086225937	20.077307329924622	29.875001500312067	0.0
398.0	29.777795698067706	20.235678901327862	20.0998826950324	29.88664270557203	0.0
399.0	29.78203369207838	20.230681290521975	20.132280827831632	29.855004189568014	0.0
400.0	29.818403996301058	20.22953938905893	20.13449652694103	29.81756008769898	0.0
401.0	29.805086120485225	20.217596165296573	20.102074974378112	29.87524273984009	0.0
402.0	29.777606414230913	20.241493828380616	20.100281430869778	29.880618326518693	0.0
403.0	29.693144720891993	20.26349782162532	20.1326190604784	29.910738397004284	0.0
404.0	29.728828059613154	20.236750594989505	20.156018428312557	29.878402917084784	0.0
405.0	29.76549372899664	20.23405619899184	20.104210423667787	29.896239648343737	0.0
406.0	29.75423727065405	20.226287815042134	20.09505483449511	29.924420079808705	0.0
407.0	29.791264301599256	20.198093476402303	20.06224809110417	29.94839413089427	0.0
408.0	29.76370457577427	20.21546116107042	20.10855194932567	29.912282313829635	0.0
409.0	29.81926394769664	20.223932754539405	20.103015743027346	29.853787554736606	0.0
410.0	29.888503191396197	20.18582238858617	20.099335804789355	29.826338615228277	0.0
411.0	29.854833737260538	20.175488931944454	20.06794378173379	29.901733549061216	0.0
412.0	29.792877282809183	20.23421976625654	20.067624483280838	29.905278467653435	0.0
413.0	29.750760589749593	20.250889604973388	20.07850051306054	29.919849292216483	0.0
414.0	29.776007911890584	20.244216239590468	20.084373247263645	29.895402601255306	0.0
415.0	29.747566414371217	20.253774352498674	20.07328650462827	29.925372728501838	0.0
416.0	29.743710044352035	20.26767236949978	20.04338068567511	29.94523690047307	0.0
417.0	29.72308397377142	20.217247648893416	20.034060854994216	30.02560752234095	0.0
418.0	29.73379277600407	20.251805886471704	20.049512098436143	29.964889239088084	0.0
419.0	29.78299656938625	20.201017651862553	20.09990877323915	29.916077005512047	0.0
420.0	29.83444642460682	20.192555789574744	20.051694238927592	29.921303546890844	0.0
421.0	29.80989812354559	20.180838675924868	20.078249667631116	29.931013532898426	0.0
422.0	29.819617964435878	20.167940537326466	20.08792867149363	29.924512826744028	0.0
423.0	29.79301620970497	20.211896617612148	20.09550761319473	29.89957955948815	0.0
424.0	29.811881024742508	20.181274807763273	20.137490886944104	29.869353280550115	0.0
425.0	29.80749433999908	20.18084251415422	20.130458474138006	29.881204671708694	0.0
426.0	29.861100693934002	20.1577252285362	20.103535073218588	29.877639004311213	0.0
427.0	29.806422119671883	20.20526901900752	20.07678837388918	29.911520487431414	0.0
428.0	29.77577536960444	20.201030013496755	20.076525360135335	29.94666925676347	0.0
429.0	29.795946301954473	20.2018317487491	20.06294585475202	29.93927609454441	0.0
430.0	29.781115787282836	20.224199985562098	20.080552240359182	29.914131986795883	0.0
431.0	29.78395591253834	20.209678323608436	20.01266777631587	29.993697987537356	0.0
432.0	29.806232125067762	20.22032772966962	20.0001050018966	29.973335143366025	0.0
433.0	29.776333757651745	20.159568473985605	20.087642471516947	29.9764552968457	0.0
434.0	29.787852798972793	20.183609404947575	20.092727212044824	29.93581058403481	0.0
435.0	29.81979426219411	20.178340098696996	20.09237069855341	29.909494940555486	0.0
436.0	29.838667036167728	20.17807676197069	20.04101386791487	29.942242333946712	0.0
437.0	29.792087485743014	20.22275309566278	20.058897326989104	29.926262091605103	0.0
438.0	29.757954799429402	20.25466383069361	20.072284313299026	29.91509705657796	0.0
439.0	29.797140698777387	20.2640304001143	20.04366444600734	29.895164455100975	0.0
440.0	29.81057614640918	20.241247855978774	20.033314358698597	29.914861638913454	0.0
441.0	29.83657162656643	20.206064796863878	19.99652008786778	29.96084348870191	0.0
442.0	29.72802454525137	20.235676561864864	20.011470900137546	30.02482799274622	0.0
443.0	29.76435511613876	20.200471207270827	20.008665923944612	30.02650775264581	0.0
444.0	29.798466425664095	20.15705103146064	20.091822468062094	29.95266007481317	0.0
445.0	29.795180492480277	20.20331957520417	20.013371896593167	29.98812803572239	0.0
446.0	29.85443983259343	20.20323226217479	20.027234878043018	29.915093027188753	0.0
447.0	29.787024612359968	20.15778773932381	20.05811811525416	29.99706953306206	0.0
448.0	29.75029117010259	20.211592357356647	20.110817128676562	29.927299343864206	0.0
449.0	29.828576592507932	20.148174979667	20.128657549533212	29.894590878291854	0.0
450.0	29.850770334053596	20.128146839216495	20.14719544033485	29.873887386395058	0.0
451.0	29.812456772965096	20.137025365047563	20.119026794808985	29.93149106717835	0.0
452.0	29.763114033360893	20.158330192977225	20.100116427530892	29.978439346130987	0.0
453.0	29.760593496399856	20.147511677851593	20.0972662156449	29.994628610103653	0.0
454.0	29.732920973435334	20.15895829130617	20.14725942902053	29.96086130623797	0.0
455.0	29.757437362670323	20.19175534507713	20.082978994653047	29.967828297599496	0.0
456.0	29.83543392028281	20.16497853542976	20.064545569419483	29.93504197486795	0.0
457.0	29.801660351436865	20.163440434456316	20.057833519031274	29.977065695075545	0.0
458.0	29.782486060536296	20.201700163687107	20.08499506089007	29.930818714886527	0.0
459.0	29.83140003903272	20.18566974385202	20.093206076430256	29.889724140685008	0.0
460.0	29.82290635157688	20.185923771478663	20.10439042717173	29.88677944977272	0.0
461.0	29.820313928037457	20.156710926551714	20.112897858558966	29.91007728685186	0.0
462.0	29.813277070925242	20.18005820339618	20.072129017090756	29.934535708587823	0.0
463.0	29.75068423246075	20.198388512806055	20.108007399215495	29.9429198555177	0.0
464.0	29.80119997660338	20.15952444871716	20.095914890298353	29.94336068438111	0.0
465.0	29.77000534670735	20.173809232781238	20.085641053713786	29.970544366797625	0.0
466.0	29.79392795933526	20.14456275540601	20.09707631238243	29.9644329728763	0.0
467.0	29.72771670734453	20.179926200562523	20.04357927459236	30.04877781750059	0.0
468.0	29.736885469788728	20.161534485754892	20.06073243739428	30.040847607062105	0.0
469.0	29.768883708103928	20.17286058128982	20.104959637181747	29.953296073424507	0.0
470.0	29.782044376989386	20.178165594382417	20.093898843530237	29.945891185097963	0.0
471.0	29.836596442855058	20.1471501860233	20.098971219722706	29.917282151398933	0.0
472.0	29.780988619101816	20.18550176040331	20.10299779408277	29.930511826412104	0.0
473.0	29.75255492035997	20.177979740603995	20.136943543828963	29.932521795207066	0.0
