# Position (bp)	A	C	G	T	N
0.0	22.962973202385367	31.243282465886196	22.971487504710414	22.822256827018027	0.0
1.0	28.006674240638606	31.855344933232814	21.06011554437147	19.07786528175711	0.0
2.0	30.461808751928977	24.146341175438053	14.627190747058966	30.764659325574005	0.0
3.0	30.83044343964864	20.334490071332176	20.75125137665091	28.083815112368278	0.0
4.0	33.82686564153608	17.111902126490094	22.54638853940129	26.514843692572537	0.0
5.0	33.301312203122016	17.54774676971637	21.898570349579565	27.252370677582054	0.0
6.0	31.94206775371583	18.047307040673903	18.19174041639236	31.818884789217904	0.0
7.0	30.006301563607963	18.6406142994473	17.11483882494803	34.238245311996714	0.0
8.0	28.612483618843786	19.630485343732662	18.487982024234977	33.26904901318857	0.0
9.0	28.521152939164946	20.243674482090867	19.775920911454755	31.45925166728943	0.0
10.0	28.86419266814391	20.39031392186581	20.357337000336294	30.388156409653984	0.0
11.0	29.20018744333014	20.304628020322603	20.729406217816745	29.76577831853052	0.0
12.0	29.57058921864384	20.208313843011013	20.483913390886656	29.73718354745849	0.0
13.0	29.925085495043508	20.197715431414657	20.338450773095925	29.538748300445906	0.0
14.0	30.129890425062513	20.081039797519242	20.066829680835415	29.72224009658283	0.0
15.0	29.816462655458686	20.175401654244265	19.83682293828208	30.171312752014973	0.0
16.0	29.96958373962334	20.14667770857028	19.856846873187003	30.02689167861937	0.0
17.0	30.025165299696972	20.142051871847286	20.03987582033005	29.79290700812569	0.0
18.0	29.716250571713086	20.262200242605207	20.146672132677207	29.874877053004496	0.0
19.0	29.86283407434026	20.127780687435248	20.428414143229055	29.580971094995434	0.0
20.0	29.563691868608448	20.338033131840604	20.34537079464977	29.752904204901178	0.0
21.0	29.367162599583757	20.364265704409718	20.134825493823683	30.13374620218284	0.0
22.0	29.490730538025627	20.439966679665314	19.85773928174894	30.21156350056011	0.0
23.0	29.645962113925506	20.25235618606949	19.7498851642085	30.351796535796506	0.0
24.0	29.72090102607952	20.137535882245157	19.853588987967996	30.28797410370732	0.0
25.0	29.818900596159338	20.064807975555997	19.918186704748	30.198104723536662	0.0
26.0	29.902466969310872	20.15336075660924	19.884475809797713	30.059696464282176	0.0
27.0	29.853001618269566	20.163295510136354	20.092061133780447	29.89164173781363	0.0
28.0	29.579508547289677	20.363220960370953	20.154942089779006	29.902328402560364	0.0
29.0	29.68317824871784	20.535070042097892	20.048150546616796	29.73360116256748	0.0
30.0	29.842177930831532	20.504060863008675	19.96989327321645	29.683867932943347	0.0
31.0	29.661868318362554	20.587951700700753	19.64608640075857	30.104093580178127	0.0
32.0	29.866126253756555	20.343844509229303	19.672989731418035	30.11703950559611	0.0
33.0	29.915208812157633	20.258720364323622	19.750495158136307	30.075575665382438	0.0
34.0	29.77690045031276	20.254475750814876	19.828902099586823	30.139721699285538	0.0
35.0	29.984671834448196	20.036978009318762	19.952054259801933	30.026295896431108	0.0
36.0	30.031031482676628	20.14839902298424	19.84291977695408	29.977649717385056	0.0
37.0	29.750838646410227	20.194552262556094	19.970957632938592	30.08365145809509	0.0
38.0	29.72958673911182	20.222854478499585	20.01103805273525	30.036520729653347	0.0
39.0	29.754131363349906	20.227677851082163	20.142108852443044	29.876081933124887	0.0
40.0	29.5907214441325	20.430481889271228	20.276512775555343	29.70228389104093	0.0
41.0	29.714827682235907	20.628807281370936	19.76522113618483	29.891143900208327	0.0
42.0	29.74110935310717	20.413107469450008	19.63583262154144	30.209950555901386	0.0
43.0	29.886237154542556	20.175043752380635	19.82962671798099	30.10909237509582	0.0
44.0	30.01606485417185	20.04815463330055	19.857578194237377	30.078202318290227	0.0
45.0	30.068956365531285	19.92276415576979	19.93449420940294	30.07378526929599	0.0
46.0	30.132431384871456	19.918978993124565	19.842733096972957	30.105856525031026	0.0
47.0	29.869420938760456	20.03369156838375	19.948578828215386	30.14830866464041	0.0
48.0	29.682487494868713	20.177846532771806	20.09173597068706	30.04793000167242	0.0
49.0	29.73337668455506	20.219848462016596	20.25614339195693	29.790631461471413	0.0
50.0	29.652935468505103	20.51591223073718	20.05395374182956	29.77719855892816	0.0
51.0	29.82338417532546	20.386148109250882	19.717160863191697	30.07330685223196	0.0
52.0	29.825060308801582	20.182718714506425	19.824883642338175	30.16733733435382	0.0
53.0	29.786569232037486	20.075852980383534	19.95286303497777	30.184714752601217	0.0
54.0	29.817004263886123	20.101953410634074	19.95236602945785	30.128676296021954	0.0
55.0	30.102919046537473	19.911267123105567	19.92171209406095	30.064101736296006	0.0
56.0	30.06117914068164	19.92600320460357	19.867345818805077	30.145471835909714	0.0
57.0	29.978720814696402	19.995902517900852	20.049333076876778	29.97604359052597	0.0
58.0	29.86501161925303	20.111920746062363	20.02164370661766	30.00142392806695	0.0
59.0	29.820605072978264	20.17390855335147	20.162461206212473	29.843025167457792	0.0
60.0	29.678108475852916	20.347631608519894	20.07561434519959	29.898645570427608	0.0
61.0	29.677290407884016	20.315829053638403	20.048047986488708	29.958832551988873	0.0
62.0	29.762406356378694	20.21692523997364	19.912991524625955	30.107676879021707	0.0
63.0	29.67075260613859	20.174596577527524	19.92467675910796	30.229974057225927	0.0
64.0	29.89987615932219	20.020934881360784	19.94415593829903	30.135033021018	0.0
65.0	29.991783821528667	19.983947143217666	19.936965023367723	30.087304011885944	0.0
66.0	29.896193259534687	20.002990247353793	19.92830995811187	30.17250653499965	0.0
67.0	29.921855746265386	19.978739845411393	20.06921787256922	30.030186535753998	0.0
68.0	29.838189666865546	20.045681374311247	20.180771518194295	29.93535744062892	0.0
69.0	29.83857107899394	20.025646521880162	20.191988497003795	29.943793902122096	0.0
70.0	29.74164052735992	20.089422130535752	20.07728269316453	30.0916546489398	0.0
71.0	29.76025242097525	20.059774731425282	19.94593796977579	30.234034877823678	0.0
72.0	29.7469864437381	20.123747354366905	20.033909619863298	30.095356582031695	0.0
73.0	29.76816689707748	20.101532468960915	19.963873860035385	30.16642677392622	0.0
74.0	29.906635805688094	19.958217835375162	19.968609333157865	30.16653702577888	0.0
75.0	29.985847199816153	19.970958696728854	19.84668558257431	30.196508520880688	0.0
76.0	30.0142391803086	19.929960676351584	19.92806464701622	30.1277354963236	0.0
77.0	29.894726544392707	19.97729094942525	20.0785128738021	30.049469632379942	0.0
78.0	29.850580742078176	20.025028014807518	20.185164085917258	29.939227157197053	0.0
79.0	29.855877264784485	20.08222965234096	20.197883465087564	29.86400961778699	0.0
80.0	29.812001577853035	20.073005084045693	20.140278034992928	29.974715303108333	0.0
81.0	29.79097771751997	20.078683070724733	20.128476004525528	30.001863207229775	0.0
82.0	29.73715373517578	20.21663845172364	20.118309438448083	29.927898374652496	0.0
83.0	29.643323637394637	20.21411801450828	20.045917357852915	30.096640990244172	0.0
84.0	29.732697867992176	20.115855117995636	20.12083923420476	30.030607779807433	0.0
85.0	29.91023410762811	20.011540516878718	20.06094302509352	30.017282350399654	0.0
86.0	29.951930474275372	20.006476728119157	20.0964081255841	29.94518467202137	0.0
87.0	30.038083042975156	19.981025742954714	20.073774882396176	29.907116331673954	0.0
88.0	29.85115517679112	20.059284044274513	20.194638858047963	29.894921920886397	0.0
89.0	29.83688371487644	20.11007796320719	20.158616695391416	29.89442162652496	0.0
90.0	29.635618219145876	20.308296377210667	20.137207952855295	29.918877450788163	0.0
91.0	29.613836997684906	20.351448890313446	20.09929088493612	29.935423227065527	0.0
92.0	29.67485565420124	20.248531822184688	20.054391197998623	30.022221325615444	0.0
93.0	29.627475923601043	20.259121983299757	20.10139704105205	30.012005052047147	0.0
94.0	29.660316634755198	20.194779600625868	20.11678290724625	30.028120857372688	0.0
95.0	29.764069941706406	20.160162969789567	20.062549277963605	30.01321781054042	0.0
96.0	29.926278237487974	20.15026156860866	20.01666963684925	29.906790557054112	0.0
97.0	30.079325460882288	20.022217492051926	19.984645463215394	29.913811583850393	0.0
98.0	29.887446103864995	20.1621774445681	20.122372560459585	29.82800389110732	0.0
99.0	29.90154475174863	20.23928143612793	20.12254169587527	29.736632116248163	0.0
100.0	29.779723704568124	20.329540593850183	20.11714693032742	29.77358877125428	0.0
101.0	29.830399105701495	20.24831022039747	20.077561915667985	29.843728758233052	0.0
102.0	29.664194046209648	20.238271272320656	19.968832069759213	30.128702611710484	0.0
103.0	29.57487263634854	20.264816431439836	19.895007935556805	30.265302996654817	0.0
104.0	29.568194115190387	20.21246305002781	19.923773348009195	30.2955694867726	0.0
105.0	29.698405693969043	20.18697699759634	20.001416033474424	30.113201274960193	0.0
106.0	29.909686740255246	20.080100510864604	20.04129395812262	29.968918790757527	0.0
107.0	30.099048471398493	19.954350553525092	20.000329366548623	29.94627160852779	0.0
108.0	30.014419553353484	20.02760119808355	20.06861875140069	29.889360497162276	0.0
109.0	29.856147652221114	20.072969075966046	20.262830250746973	29.808053021065867	0.0
110.0	29.75978992880155	20.226809969524233	20.24070216532773	29.772697936346486	0.0
111.0	29.70851428093414	20.282760868306234	20.092252521784683	29.916472328974947	0.0
112.0	29.671688329974433	20.273267861134038	20.093365352169666	29.961678456721863	0.0
113.0	29.653906704331074	20.282290014535757	19.953953390581866	30.109849890551306	0.0
114.0	29.77712605087179	20.13240047823584	19.934327727800692	30.156145743091678	0.0
115.0	29.897096248812833	20.067508766432272	19.943337748008524	30.09205723674637	0.0
116.0	30.02038468837993	19.986550230668843	19.96480883370556	30.028256247245665	0.0
117.0	30.02640266774038	19.961847255817897	20.06144854791004	29.950301528531682	0.0
118.0	29.916810556704025	20.062925639218008	20.13204205032613	29.888221753751832	0.0
119.0	29.809151849272475	20.148591120139567	20.17356505359652	29.86869197699144	0.0
120.0	29.752918718582745	20.24066776270359	20.199310972414303	29.80710254629936	0.0
121.0	29.796316808569205	20.266822805177164	20.152537739516696	29.784322646736932	0.0
122.0	29.72417104323753	20.33435979858126	20.036616773569634	29.904852384611573	0.0
123.0	29.597408699915857	20.35739904477684	19.941815680672168	30.10337657463513	0.0
124.0	29.655604222449426	20.29702043221372	19.948737398337844	30.098637946999006	0.0
125.0	29.75480088365427	20.195025879176036	19.92457274249279	30.125600494676906	0.0
126.0	29.845152001319498	20.134382172260217	19.8483145578606	30.172151268559688	0.0
127.0	29.835836247063103	20.065507378611617	19.905096199422058	30.19356017490323	0.0
128.0	29.829933182226714	20.021236128805782	19.9867567354918	30.162073953475705	0.0
129.0	29.824606197053534	20.09815380518575	20.02634178963789	30.050898208122835	0.0
130.0	29.738515243474605	20.15915049132173	20.06500523680614	30.037329028397526	0.0
131.0	29.740109135100358	20.24183028043265	19.984310931022183	30.033749653444808	0.0
132.0	29.647230089688804	20.320555163994523	19.930347312219798	30.101867434096874	0.0
133.0	29.536087913384623	20.397517905249394	19.994160488975844	30.072233692390142	0.0
134.0	29.685038774495247	20.283438629268172	19.983113570222397	30.048409026014177	0.0
135.0	29.757562418052608	20.254236871494015	19.94460006648446	30.043600643968922	0.0
136.0	29.91103961202924	20.069371253057966	19.978913317321673	30.04067581759112	0.0
137.0	29.94888652877456	19.996271380710372	20.008939610548364	30.045902479966706	0.0
138.0	29.764814899197066	20.064934978993126	20.09494074758796	30.07530937422185	0.0
139.0	29.767325342753885	20.10288997560097	20.133537651170464	29.99624703047468	0.0
140.0	29.745431005618332	20.176174774208956	20.115297072784585	29.96309714738813	0.0
141.0	29.751390360106907	20.17793130750472	20.082685235932534	29.987993096455835	0.0
142.0	29.67307193506357	20.222761477040628	20.093961665183254	30.010204922712553	0.0
143.0	29.686405906648456	20.203059945162057	20.142395658940053	29.968138489249434	0.0
144.0	29.784381175049912	20.155797696645536	20.111997553089953	29.9478235752146	0.0
145.0	29.961104719719962	19.995191019001147	20.106304188463664	29.93740007281523	0.0
146.0	30.047734722497623	19.879972303918187	20.059584759140304	30.01270821444389	0.0
147.0	30.00480113110112	19.855814850238733	20.097478083025543	30.0419059356346	0.0
148.0	29.940403509634105	19.959078210706576	20.155446094757096	29.945072184902223	0.0
149.0	29.92415436310872	19.99683976512953	20.173128704345284	29.905877167416467	0.0
150.0	29.851883114538975	20.107490442532434	20.152549032875193	29.88807741005339	0.0
151.0	29.83246450898856	20.09976076618325	20.176531801390194	29.891242923437993	0.0
152.0	29.822915841792796	20.124459174106203	20.123759901557545	29.928865082543453	0.0
153.0	29.770757214993377	20.135458123660438	20.137782660354762	29.956002000991422	0.0
154.0	29.821947157328548	20.05669827510777	20.177079587165803	29.94427498039788	0.0
155.0	29.878167005879053	20.046034616671108	20.142809358860248	29.932989018589595	0.0
156.0	29.973910539189745	19.9945311531519	20.00851507391069	30.02304323374766	0.0
157.0	29.963459587384534	20.030937561945514	20.07088503687394	29.934717813796013	0.0
158.0	29.896109294986868	20.10050830483173	20.07741728236428	29.92596511781712	0.0
159.0	29.80695501600646	20.12764732047198	20.207745758977584	29.857651904543975	0.0
160.0	29.85850988892718	20.15662506726647	20.21376377828971	29.771101265516638	0.0
161.0	29.884819009398132	20.131335804736477	20.232194749590935	29.751650436274453	0.0
162.0	29.84789523922528	20.1852449464051	20.20283531859546	29.764024495774155	0.0
163.0	29.800443509251362	20.19240524887928	20.1747019103546	29.83244933151476	0.0
164.0	29.801180740865014	20.2164842730365	20.158199173693	29.82413581240549	0.0
165.0	29.83211677728901	20.20024620807076	20.149632992788323	29.818004021851912	0.0
166.0	29.82750891190416	20.20522175522902	20.158444767164518	29.808824565702302	0.0
167.0	29.894104027198114	20.20396319277095	20.032860358777533	29.8690724212534	0.0
168.0	29.775341712168153	20.25158796293585	20.06853040295144	29.904539921944558	0.0
169.0	29.82157662944578	20.21615809328099	20.13568253943066	29.82658273784257	0.0
170.0	29.86718784534353	20.170045499865687	20.15464967219166	29.808116982599124	0.0
171.0	29.91036068617248	20.1820025837914	20.149020424192887	29.758616305843226	0.0
172.0	29.915806347231616	20.20284982603454	20.127460701222756	29.753883125511088	0.0
173.0	29.887665281450698	20.181242916509255	20.16463921420476	29.766452587835285	0.0
174.0	29.88235440784221	20.149369460954897	20.277039380097282	29.691236751105617	0.0
175.0	29.908908928194332	20.17941310800259	20.27602714032664	29.635650823476432	0.0
176.0	29.930269534559816	20.135706010102023	20.163830140076676	29.770194315261488	0.0
177.0	29.865212982299937	20.15523275942341	20.1568193112061	29.822734947070558	0.0
178.0	29.818572197816913	20.158716038358232	20.21477301551596	29.807938748308892	0.0
179.0	29.8269765881727	20.16241850130989	20.168594468788417	29.842010441728988	0.0
180.0	29.88039253459041	20.15420731960671	20.10100437786365	29.864395767939232	0.0
181.0	29.847397243095465	20.13377340260219	20.07841850043551	29.940410853866833	0.0
182.0	29.85087367595454	20.14241249501184	20.035878853440416	29.970834975593203	0.0
183.0	29.791146891395286	20.12722191240033	20.139893869058085	29.941737327146296	0.0
184.0	29.82126285724861	20.149220189671446	20.20564799248838	29.823868960591565	0.0
185.0	29.894821762014974	20.167345495857532	20.179695856321874	29.75813688580562	0.0
186.0	29.893449114700825	20.19424801973299	20.166167563466175	29.74613530210001	0.0
187.0	29.88736691314793	20.178366878779787	20.172191943427773	29.76207426464451	0.0
188.0	29.773282995837587	20.23973694988841	20.16456305005494	29.822417004219066	0.0
189.0	29.838148677983206	20.19931463289732	20.148085821194265	29.814450867925213	0.0
190.0	29.842491316969422	20.157546447652003	20.129562863177643	29.870399372200936	0.0
191.0	29.821299803609353	20.165076905037445	20.081902132465217	29.931721158887985	0.0
192.0	29.815667906926514	20.157520426902146	20.03888824482148	29.987923421349866	0.0
193.0	29.76009712422422	20.19283236819597	20.08738159208959	29.95968891549022	0.0
194.0	29.802799318484595	20.146015279720388	20.1311751005205	29.92001030127452	0.0
195.0	29.834046565440946	20.14380692624967	20.13886030632038	29.883286201988994	0.0
196.0	29.892317085741926	20.14272385136148	20.120332390475358	29.84462667242123	0.0
197.0	29.931240985055013	20.15241392851479	20.093623271584892	29.822721814845305	0.0
198.0	29.844476165465927	20.23452327439227	20.09704593634773	29.823954623794073	0.0
199.0	29.85362088986613	20.19766286533186	20.148408561149438	29.800307683652573	0.0
200.0	29.879158795246546	20.20234780541944	20.086473453389832	29.832019945944182	0.0
201.0	29.886765368548208	20.220073468572544	20.039375288712158	29.853785874167087	0.0
202.0	29.905310431143356	20.175938353617212	20.007116819668852	29.91163439557058	0.0
203.0	29.850142484131936	20.17471861837962	20.03017688570613	29.944962011782312	0.0
204.0	29.814340170849174	20.1720497332912	20.091389622877646	29.922220472981977	0.0
205.0	29.799709267261758	20.176572664591408	20.103615773713962	29.920102294432873	0.0
206.0	29.78569907719907	20.171735956014818	20.06168994432389	29.98087502246222	0.0
207.0	29.770901159103403	20.211827807609374	20.079133420714065	29.93813761257316	0.0
208.0	29.728010056644123	20.268894429774313	20.08905264071846	29.914042872863106	0.0
209.0	29.76715487580291	20.214546011180296	20.126325222897165	29.891973890119633	0.0
210.0	29.822992848142505	20.191634750190822	20.090959125016703	29.894413276649974	0.0
211.0	29.872285908039892	20.198160963883076	20.034543031478474	29.89501009659856	0.0
212.0	29.908113683483396	20.173637488333732	19.9672731081771	29.950975720005772	0.0
213.0	29.78962532596496	20.172807430934686	20.017310562859407	30.020256680240955	0.0
214.0	29.832989972453124	20.179258536776857	20.03727774334523	29.950473747424795	0.0
215.0	29.806699683582643	20.15980152105291	20.007915151986396	30.025583643378052	0.0
216.0	29.80633786868614	20.178960733869605	20.00263832524096	30.012063072203297	0.0
217.0	29.811654108449627	20.203830175992433	19.995202796946774	29.989312918611166	0.0
218.0	29.74600808789991	20.236677412664626	20.027639036374037	29.989675463061428	0.0
219.0	29.76537815785744	20.23882065013399	20.042524017653488	29.953277174355076	0.0
220.0	29.82591579095553	20.195342066573232	20.01648545436052	29.962256688110717	0.0
221.0	29.82276638869793	20.164958351865735	19.968799517368126	30.04347574206821	0.0
222.0	29.831091147301176	20.16421961339911	19.949684556664977	30.05500468263474	0.0
223.0	29.757769796675625	20.196895421290797	20.001479395176457	30.04385538685712	0.0
224.0	29.85141712460001	20.1282414642495	19.987059239548234	30.03328217160226	0.0
225.0	29.877787602370432	20.18638673747921	19.985485768241006	29.950339891909355	0.0
226.0	29.86777762095572	20.171677382980345	19.939570255568796	30.020974740495138	0.0
227.0	29.844071268443876	20.198524734833985	19.965930744842296	29.991473251879835	0.0
228.0	29.750142786602	20.220733841056767	20.055616489998712	29.97350688234252	0.0
229.0	29.80989297659115	20.194088184028487	20.035690821934196	29.960328017446162	0.0
230.0	29.83743184503403	20.16811526825953	20.05683338320704	29.937619503499395	0.0
231.0	29.842482871149006	20.178497777975675	20.00036980280831	29.978649548067004	0.0
232.0	29.867023885891097	20.15250367910645	20.05380929021546	29.926663144786993	0.0
233.0	29.792131030503775	20.132778341900835	20.04565057349995	30.029440054095442	0.0
234.0	29.78937279731943	20.10423820268812	20.080334165981178	30.026054834011273	0.0
235.0	29.790023052807513	20.146104879237363	20.076506870468656	29.987365197486472	0.0
236.0	29.8542728158232	20.100778772501798	20.007014404810395	30.03793400686461	0.0
237.0	29.846587352464983	20.098079351681676	20.037482506717154	30.017850789136187	0.0
238.0	29.80455611265147	20.164797009000505	20.03534248193117	29.995304396416856	0.0
239.0	29.85997579987013	20.129384292704607	20.06284714112856	29.9477927662967	0.0
240.0	29.872036679096013	20.153751423816434	20.063238389599945	29.910973507487604	0.0
241.0	29.913772433853183	20.13554870021032	20.001724211762635	29.948954654173864	0.0
242.0	29.832857672940705	20.150117401247414	19.98994161723779	30.027083308574092	0.0
243.0	29.759161418742824	20.194414639557046	20.024847466886392	30.021576474813738	0.0
244.0	29.799407800382287	20.1307502207497	20.045204407335397	30.024637571532615	0.0
245.0	29.80312162349774	20.127348838332317	20.058290878690386	30.01123865947956	0.0
246.0	29.849153622991576	20.179574529088434	19.964971649105333	30.006300198814657	0.0
247.0	29.787386548596917	20.170842246692867	19.991572194958447	30.050199009751772	0.0
248.0	29.763136873218105	20.20373152557207	19.97381915031071	30.059312450899117	0.0
249.0	29.75195684067135	20.16208891633523	20.068985966276966	30.016968276716455	0.0
250.0	29.803949528334716	20.190024156188517	20.02722876063305	29.978797554843716	0.0
251.0	29.89044902282686	20.100893579266305	19.996438961383856	30.012218436522982	0.0
252.0	29.88441879326279	20.138818159527716	19.987872272204303	29.98889077500519	0.0
253.0	29.82058145429965	20.135152364685432	20.052146202501085	29.99211997851383	0.0
254.0	29.8400543933883	20.10980523809838	20.07210330217281	29.97803706634051	0.0
255.0	29.907172371884617	20.120938638031472	20.04346126216077	29.928427727923147	0.0
256.0	29.89726302543925	20.112317762290093	20.024544167620032	29.96587504465062	0.0
257.0	29.90924778635888	20.138598923118995	20.021254726677796	29.930898563844334	0.0
258.0	29.80109481961653	20.1601116168335	20.028756648371896	30.010036915178073	0.0
259.0	29.820602009010067	20.15467386023832	20.073391630231104	29.951332500520504	0.0
260.0	29.83606155470901	20.175046203749105	20.02764681477011	29.96124542677177	0.0
261.0	29.843793993109518	20.163947379785718	19.989658053847144	30.00260057325762	0.0
262.0	29.80729302405575	20.15474565538061	20.000260241541866	30.03770107902178	0.0
263.0	29.807491398929027	20.187907282680108	19.992841555486997	30.011759762903868	0.0
264.0	29.828987976771966	20.167711943384962	20.011552165210674	29.991747914632406	0.0
265.0	29.874078633345103	20.106498369222507	20.061165470360883	29.95825752707151	0.0
266.0	29.895213191344684	20.110887068260492	20.004627523051344	29.989272217343483	0.0
267.0	29.87927125273989	20.132702812377904	20.02182485506667	29.966201079815534	0.0
268.0	29.83309712392735	20.16571491498347	20.05099181551379	29.95019614557539	0.0
269.0	29.824789002544282	20.17972708500408	20.046431791144435	29.9490521213072	0.0
270.0	29.84763163988225	20.177314940871135	20.038383416312612	29.936670002934008	0.0
271.0	29.7804339279502	20.174246216824443	20.01459436985414	30.030725485371217	0.0
272.0	29.823324219854815	20.139115678325634	19.992438955406808	30.045121146412747	0.0
273.0	29.724787110259943	20.198858617228744	19.998352052495992	30.07800222001532	0.0
274.0	29.748698258411544	20.209425031449957	20.031302887965754	30.01057382217275	0.0
275.0	29.825239504028545	20.169698062115405	20.076311712435658	29.928750721420393	0.0
276.0	29.862721844403005	20.138277433477317	20.010332156196558	29.988668565923117	0.0
277.0	29.845336858780136	20.135564038180107	20.06197687217402	29.957122230865735	0.0
278.0	29.813401347359463	20.12871785164566	20.10134230668001	29.95653849431486	0.0
279.0	29.820215860121348	20.094651610843947	20.14727145106892	29.93786107796579	0.0
280.0	29.798231459271395	20.149667797668503	20.140241211263564	29.911859531796537	0.0
281.0	29.862310099961576	20.088898725886732	20.08674950105934	29.962041673092347	0.0
282.0	29.815650088654237	20.122956498624234	20.03687563804186	30.024517774679673	0.0
283.0	29.76630116445036	20.140860656765312	20.114354315132502	29.978483863651835	0.0
284.0	29.74931496390305	20.138317436348434	20.126007052549124	29.986360547199386	0.0
285.0	29.820960372693193	20.124029978938733	20.095280933784068	29.959728714584006	0.0
286.0	29.82271858646911	20.125298395718296	20.061146733119468	29.990836284693128	0.0
287.0	29.82875729094973	20.146745532682097	20.05654238614751	29.96795479022066	0.0
288.0	29.800415663246792	20.15917734493923	20.083415413471826	29.95699157834215	0.0
289.0	29.782874326041775	20.15653965217516	20.14685041284831	29.91373560893476	0.0
290.0	29.85353668067498	20.160224062601202	20.06751812365291	29.918721133070914	0.0
291.0	29.81318620211253	20.192327448650005	20.079057269395093	29.915429079842376	0.0
292.0	29.821681023920377	20.159318391736253	20.024617820587736	29.994382763755635	0.0
293.0	29.74143577759175	20.19131863738485	20.112810477154312	29.95443510786908	0.0
294.0	29.755596538066865	20.15049637679247	20.11108254398855	29.982824541152116	0.0
295.0	29.779440176818806	20.182277480822073	20.11558967813051	29.922692664228613	0.0
296.0	29.75429322901676	20.149078606677097	20.058039099489218	30.03858906481692	0.0
297.0	29.749125898839875	20.12519201952709	20.038187147178842	30.087494934454195	0.0
298.0	29.680684597867362	20.185851086166945	20.100374363542397	30.033089952423296	0.0
299.0	29.792342640768315	20.152498814934745	20.11725313653554	29.9379054077614	0.0
300.0	29.800066570341972	20.14093989331405	20.111537364018016	29.947456172325964	0.0
301.0	29.80220858877205	20.176088504885556	20.06036480107114	29.961338105271253	0.0
302.0	29.79628954269985	20.184476842860143	20.023087876226366	29.996145738213638	0.0
303.0	29.742884961082755	20.205851100120356	20.077521629801236	29.973742308995654	0.0
304.0	29.77095726253135	20.20415559655353	20.12286953917609	29.90201760173903	0.0
305.0	29.83321726986688	20.188390323793513	20.06748957077877	29.910902835560844	0.0
306.0	29.831131488569433	20.16041594540302	20.07734145030956	29.931111115717986	0.0
307.0	29.775176610602948	20.182768534336944	20.067091769667925	29.974963085392183	0.0
308.0	29.756953710278783	20.205599755155824	20.07117291516843	29.966273619396965	0.0
309.0	29.74807507223014	20.198620395405236	20.09491353961506	29.958390992749568	0.0
310.0	29.771429691375058	20.214794428438545	20.098104619800782	29.91567126038562	0.0
311.0	29.739619256528833	20.185113993132898	20.080505647833018	29.994761102505247	0.0
312.0	29.71914659460417	20.206689713851205	20.087044109069907	29.98711958247472	0.0
313.0	29.738610619372302	20.216633506489885	20.0715867851262	29.973169089011613	0.0
314.0	29.72631432159928	20.231747614071818	20.13411512191813	29.90782294241077	0.0
315.0	29.77984677143837	20.22847287953956	20.097186337380595	29.89449401164148	0.0
316.0	29.790522492474242	20.20281621135247	20.06499239180105	29.941668904372243	0.0
317.0	29.809042885359776	20.191597796506624	20.04591804623688	29.953441271896715	0.0
318.0	29.726536038357505	20.200719250261216	20.05950726552055	30.01323744586073	0.0
319.0	29.75561655688688	20.185310386984103	20.111973119215644	29.947099936913368	0.0
320.0	29.78778288941251	20.16146401071025	20.08846697751017	29.962286122367072	0.0
321.0	29.808928671025082	20.146225981359407	20.097819385550906	29.947025962064604	0.0
322.0	29.74494214261865	20.174450198485523	20.077562731902468	30.003044926993354	0.0
323.0	29.702904629363747	20.19521590457736	20.103322774196513	29.998556691862383	0.0
324.0	29.74798301434194	20.201793717748437	20.099218039451692	29.951005228457927	0.0
325.0	29.80490717532277	20.189148261917246	20.078340104733584	29.92760445802639	0.0
326.0	29.813883555694566	20.16186741982466	20.095790241227864	29.92845878325291	0.0
327.0	29.767365618646924	20.173886993237833	20.119510802698837	29.939236585416403	0.0
328.0	29.73556997992851	20.179786111390065	20.155499856901393	29.92914405178003	0.0
329.0	29.759178654853635	20.158825499954215	20.183827449993274	29.89816839519887	0.0
330.0	29.83657748537819	20.189111835306488	20.152014459121574	29.822296220193746	0.0
331.0	29.811634502468387	20.18055610768706	20.114859262360266	29.892950127484287	0.0
332.0	29.810933924466266	20.13742484137418	20.130303211854912	29.921338022304646	0.0
333.0	29.73457059465863	20.19737927884952	20.151974847829216	29.91607527866263	0.0
334.0	29.798533956606505	20.16346602380003	20.161186399421844	29.87681362017162	0.0
335.0	29.83303133304772	20.141422042667383	20.142156790710978	29.883389833573915	0.0
336.0	29.790802719817087	20.136533431399073	20.076699263979457	29.99596458480438	0.0
337.0	29.71070819390716	20.227065752385144	20.071057895662943	29.991168158044758	0.0
338.0	29.694969102043324	20.25201775845978	20.068167286409235	29.984845853087666	0.0
339.0	29.71200847296539	20.258442776116922	20.15624196404905	29.873306786868635	0.0
340.0	29.761466763045252	20.246266507140888	20.132405642329566	29.85986108748429	0.0
341.0	29.798644088742332	20.21620055490333	20.135346226823142	29.849809129531195	0.0
342.0	29.80729869860264	20.238204903161442	20.11230940716088	29.84218699107504	0.0
343.0	29.79603254813792	20.195556325816693	20.14676614338097	29.861644982664416	0.0
344.0	29.877504210692685	20.144394593660856	20.195256332804558	29.782844862841902	0.0
345.0	29.91126250546521	20.11468605817112	20.131752772257887	29.842298664105783	0.0
346.0	29.9325306025341	20.07282859661129	20.12380220957238	29.870838591282233	0.0
347.0	29.875881030693595	20.105366721815166	20.129440425776796	29.889311821714443	0.0
348.0	29.791847853011276	20.13255070250855	20.119364951633724	29.95623649284645	0.0
349.0	29.77644188794461	20.179471110440527	20.178359752570294	29.86572724904456	0.0
350.0	29.78355333880969	20.18000773420699	20.160003526165486	29.876435400817837	0.0
351.0	29.770320733481825	20.178058646524484	20.1497666665097	29.901853953483993	0.0
352.0	29.813818911423702	20.19995965319833	20.14021172841215	29.846009706965816	0.0
353.0	29.7514856294814	20.250124834503637	20.15843198445516	29.839957551559802	0.0
354.0	29.844798436494653	20.178520034295857	20.174319695857825	29.802361833351664	0.0
355.0	29.885791833555746	20.172381155982155	20.19157438128218	29.75025262917992	0.0
356.0	29.870061867856645	20.158030776278018	20.15688183139554	29.815025524469796	0.0
357.0	29.86018231128153	20.209422348190554	20.12862029457528	29.80177504595264	0.0
358.0	29.841371608868695	20.196872409629318	20.120572720422008	29.841183261079983	0.0
359.0	29.811577472922067	20.1774514130324	20.188978145729166	29.821992968316362	0.0
360.0	29.833922409230645	20.214500721920896	20.14349519705069	29.808081671797776	0.0
361.0	29.837933983651578	20.153166878331174	20.146443085162584	29.862456052854665	0.0
362.0	29.770780017673744	20.209576214429337	20.097872295544725	29.921771472352198	0.0
363.0	29.738204926876943	20.244872929485794	20.109100271187476	29.90782187244979	0.0
364.0	29.742110489960123	20.241739751777747	20.169833306244428	29.846316452017703	0.0
365.0	29.805185841004633	20.235673133477484	20.131581152853997	29.82755987266389	0.0
366.0	29.83605587934906	20.188624913532475	20.109751841737076	29.86556736538139	0.0
367.0	29.84854956518595	20.194671945905878	20.104820168381213	29.85195832052696	0.0
368.0	29.794128027221596	20.203593211324804	20.153083804559856	29.849194956893744	0.0
369.0	29.8064873827152	20.18053694788903	20.188295983870244	29.824679685525517	0.0
370.0	29.886278548065608	20.202987123144442	20.133777979326524	29.77695634946343	0.0
371.0	29.863525159682663	20.17002434811037	20.105674829093363	29.860775663113603	0.0
372.0	29.797329146121843	20.243131203582884	20.124753843450744	29.834785806844533	0.0
373.0	29.78520342127311	20.23435332879991	20.11936679442739	29.861076455499592	0.0
374.0	29.79772481135979	20.20921461003371	20.15332260814528	29.83973797046123	0.0
375.0	29.777143289723888	20.210880026393898	20.197924116785472	29.814052567096734	0.0
376.0	29.8015220428434	20.21279901204494	20.135591484047325	29.85008746106434	0.0
377.0	29.83196956466802	20.20265113389614	20.119719637308403	29.84565966412744	0.0
378.0	29.736075196612266	20.23889868508368	20.18285825763984	29.842167860664215	0.0
379.0	29.798376952545368	20.20909879740228	20.15646725809829	29.836056991954056	0.0
380.0	29.818397238551885	20.2177101530219	20.152575619799617	29.811316988626597	0.0
381.0	29.84846892833457	20.2009229099419	20.136542164586483	29.814065997137046	0.0
382.0	29.82430174598575	20.173994127636995	20.138894773303175	29.862809353074084	0.0
383.0	29.79676717243109	20.223747986849965	20.17190931452253	29.807575526196416	0.0
384.0	29.78404540529711	20.236422528962976	20.159390036729302	29.820142029010615	0.0
385.0	29.83153925064284	20.224723544058964	20.159102446490092	29.784634758808103	0.0
386.0	29.815391515613005	20.214726011469704	20.11553305575122	29.854349417166066	0.0
387.0	29.750959394648856	20.229900726825825	20.100619461744813	29.918520416780503	0.0
388.0	29.687502942028203	20.276458389271095	20.178321742840563	29.857716925860135	0.0
389.0	29.74546547297435	20.264212502739582	20.14732364431142	29.84299837997465	0.0
390.0	29.768148239920194	20.263747428482343	20.12524416002362	29.842860171573843	0.0
391.0	29.796078601197678	20.231100249194377	20.061832590708352	29.910988558899593	0.0
392.0	29.76282420846948	20.262029091163786	20.059248760065117	29.915897940301623	0.0
393.0	29.767994967635502	20.257488814718876	20.0831033014819	29.891412916163723	0.0
394.0	29.723405084547593	20.270522920228668	20.15872289654318	29.84734909868056	0.0
395.0	29.81431385898216	20.239458003723364	20.097779688996802	29.848448448297678	0.0
396.0	29.810862215106244	20.23181983693084	20.07717035504614	29.88014759291677	0.0
397.0	29.777198647516208	20.265228857179814	20.075467676868662	29.882104818435316	0.0
398.0	29.76952082442178	20.239779826849738	20.095412632619002	29.89528671610948	0.0
399.0	29.78000647648884	20.233417176250864	20.118252402325513	29.868323944934783	0.0
400.0	29.810960203931785	20.2337157681895	20.12913295102399	29.82619107685472	0.0
401.0	29.793904684446552	20.22529849650389	20.093794360289326	29.887002458760225	0.0
402.0	29.776210163262846	20.244856617868546	20.092607235375624	29.886325983492984	0.0
403.0	29.692279221218094	20.267724400953284	20.126339229151476	29.913657148677146	0.0
404.0	29.72582611274009	20.24569941309638	20.144753872293162	29.883720601870372	0.0
405.0	29.768384906896493	20.2377335118029	20.09205866904626	29.901822912254346	0.0
406.0	29.748134654998243	20.235901146974918	20.087046295797766	29.928917902229074	0.0
407.0	29.7855557756039	20.198612038786408	20.058983833474777	29.95684835213492	0.0
408.0	29.7602322282599	20.219991848667597	20.098136018064707	29.921639905007797	0.0
409.0	29.813475410015055	20.229718747582154	20.096455970667506	29.86034987173528	0.0
410.0	29.886167707652305	20.19006372793651	20.09300253966736	29.830766024743827	0.0
411.0	29.85074064933625	20.179689516304375	20.063842167493732	29.905727666865644	0.0
412.0	29.786657289516743	20.237344047781296	20.064797963331227	29.91120069937073	0.0
413.0	29.74750656830044	20.25363230732248	20.069605066170556	29.929256058206523	0.0
414.0	29.773457909584206	20.251070063411305	20.07404699506918	29.901425031935307	0.0
415.0	29.745251477833577	20.25716741991331	20.067834551911897	29.929746550341214	0.0
416.0	29.745985982940994	20.269976718550467	20.03610808254825	29.94792921596029	0.0
417.0	29.720984296248886	20.221292535894626	20.032226337313	30.025496830543492	0.0
418.0	29.730410431431025	20.253862459418695	20.046934738426458	29.968792370723822	0.0
419.0	29.77511423862376	20.205046000387007	20.096002608156816	29.923837152832416	0.0
420.0	29.827920836695615	20.200492676579305	20.04791239263993	29.92367409408515	0.0
421.0	29.804800636064233	20.186531407647866	20.07237037640765	29.93629757988025	0.0
422.0	29.81542376677816	20.175635410176724	20.076119343988285	29.932821479056827	0.0
423.0	29.788218428990852	20.22042118395449	20.085650751081648	29.905709635973015	0.0
424.0	29.80861515098527	20.18378998807221	20.12365224157568	29.883942619366838	0.0
425.0	29.797418458901614	20.19056356137254	20.121053147703698	29.89096483202215	0.0
426.0	29.85498233651845	20.160668134906125	20.09516766520376	29.889181863371668	0.0
427.0	29.80035686187413	20.207849455484492	20.06981016303468	29.921983519606698	0.0
428.0	29.77608240577027	20.207881534929438	20.064573371182448	29.951462688117847	0.0
429.0	29.791030775187043	20.207096487742795	20.06196407017475	29.93990866689541	0.0
430.0	29.777768576297888	20.228489475650534	20.073534463045025	29.920207485006557	0.0
431.0	29.782869571174647	20.218429078305174	20.006015193822492	29.99268615669768	0.0
432.0	29.801195499561473	20.229840060527813	19.995219507421055	29.97374493248966	0.0
433.0	29.776717296133164	20.166698379484423	20.07805305507359	29.97853126930882	0.0
434.0	29.780492698209077	20.185329266598835	20.089344696400804	29.944833338791277	0.0
435.0	29.814973950834624	20.181676037289773	20.082191976759198	29.921158035116406	0.0
436.0	29.83000173521389	20.18390632404536	20.036751905441758	29.949340035298995	0.0
437.0	29.78754557246087	20.2243862632577	20.052823779960388	29.93524438432104	0.0
438.0	29.759871333160692	20.258797854850073	20.06254554378527	29.918785268203962	0.0
439.0	29.785547087161397	20.27027179618241	20.03687132712312	29.907309789533077	0.0
440.0	29.806071484828063	20.242774329327492	20.028477551909145	29.922676633935296	0.0
441.0	29.824211431818014	20.216071135193037	19.998633723725764	29.961083709263185	0.0
442.0	29.72777153404399	20.23728153936601	20.009251431939497	30.025695494650506	0.0
443.0	29.766510896860716	20.20544903256111	20.003202966451276	30.024837104126895	0.0
444.0	29.793417785359622	20.158848597019308	20.087431652855315	29.960301964765755	0.0
445.0	29.794230148941516	20.208178628946207	20.008475887192414	29.989115334919862	0.0
446.0	29.84845716260035	20.20859087122312	20.020820697549823	29.922131268626707	0.0
447.0	29.775793748992047	20.160252435504688	20.05217923778945	30.011774577713812	0.0
448.0	29.745706241810627	20.21965916397867	20.099035556866127	29.93559903734458	0.0
449.0	29.82439930584697	20.158532899820138	20.115402376544523	29.90166541778837	0.0
450.0	29.84323745350152	20.132412471453584	20.140541708253735	29.883808366791165	0.0
451.0	29.809419542334425	20.143160213059915	20.10791492808118	29.93950531652449	0.0
452.0	29.757216779724388	20.16534045180813	20.094079179985425	29.983363588482053	0.0
453.0	29.761242353415813	20.15345009625913	20.08745835059023	29.997849199734826	0.0
454.0	29.72848984353684	20.1660221852155	20.139546699031865	29.965941272215797	0.0
455.0	29.751452002169206	20.19525868087113	20.078932919061582	29.974356397898084	0.0
456.0	29.828158041012205	20.16849257999653	20.06029634853713	29.943053030454138	0.0
457.0	29.796636697595382	20.168656231401048	20.04939712810983	29.985309942893746	0.0
458.0	29.78186536647928	20.20628030849846	20.077783188534948	29.93407113648731	0.0
459.0	29.827016756416945	20.19769836116285	20.080943656493925	29.89434122592628	0.0
460.0	29.81999767433021	20.187321788026114	20.09598844541017	29.896692092233508	0.0
461.0	29.81532870008686	20.1613018549544	20.105098527988392	29.918270916970357	0.0
462.0	29.808973237738417	20.184365926021815	20.063247838803246	29.943412997436518	0.0
463.0	29.74441667035141	20.206295551681606	20.1021505426924	29.947137235274585	0.0
464.0	29.79990535746373	20.168362110246324	20.08762431240692	29.944108219883027	0.0
465.0	29.77254801316778	20.178513100794916	20.078377479306813	29.9705614067305	0.0
466.0	29.789745672925044	20.150525442961783	20.091483314013246	29.96824557009992	0.0
467.0	29.72959599044121	20.1813054208556	20.039985708100943	30.049112880602248	0.0
468.0	29.737389914339772	20.16595822502254	20.05606071324821	30.040591147389478	0.0
469.0	29.766506290493854	20.18064332595046	20.09861140273836	29.954238980817323	0.0
470.0	29.77858738594189	20.185495763542573	20.087378227954034	29.9485386225615	0.0
471.0	29.834966385386235	20.15223046645039	20.08922129202109	29.923581856142285	0.0
472.0	29.775528864606144	20.18842330240294	20.097363014471814	29.9386848185191	0.0
473.0	29.747238870442892	20.184410191420255	20.129341874347155	29.939009063789694	0.0
